0.000000000000000000e+00
-1.714285714285714371e-02
0.000000000000000000e+00
-4.000000000000000083e-02
-1.714285714285714371e-02
-4.000000000000000083e-02
-6.619978571840660908e-02
-5.714285714285714281e-03
-1.276562857307692866e-01
-2.048550000412089137e-02
-4.905692857554946190e-02
-9.002792858379124463e-02
-2.766666605710597082e-01
-1.551636068234380494e-01
-1.714285714285714371e-02
-1.142857142857142856e-02
-1.032960891260047559e-01
-2.857142857142857054e-02
-1.379840281425270265e-01
-5.326816054221349822e-02
-9.661080340347723283e-02
-3.428571428571428742e-02
-2.060234029745756368e-01
-6.803937483204867964e-02
-1.038281428653846372e-01
-1.804855000041208912e-01
-2.798137850589639264e-01
-5.142857142857142766e-02
-1.219420000164835732e-01
-2.432495353907457303e-01
-1.185993571552198256e-01
-1.966666605710597204e-01
-7.591407143269233160e-01
-4.686669127849523164e-01
-2.519699286002747840e-01
-1.050989567015929160e-01
-1.650524029663339165e-01
-2.588526172479272969e-01
-2.093003564710518016e-01
-1.533240177097959789e-01
-1.905134285879120926e-01
-1.165275281301643429e-01
-2.922790458605647457e-01
-7.889917098318630084e-02
-2.781697143186813714e-01
-4.128110995999446087e-01
-2.879099664128175751e-01
-4.808871959700474208e-01
-4.179933315748505795e-01
-6.028036624325660009e-01
-6.285714285714286143e-02
-2.726621349618441603e-01
-2.631662601174328264e-01
-4.300930891836973191e-01
-2.411777063656902476e-01
-5.548475628738304133e-01
-1.209710000082417775e-01
-1.519140714326923103e-01
-4.342233510181546241e-01
-6.903942587985478774e-01
-4.393841422224255555e-01
-1.542857142857142760e-01
-5.457077796143086079e-01
-2.161811605669388403e-01
-3.222511172767735244e-01
-5.890671245816365698e-01
-9.218512692889717641e-01
-2.054359126569541283e-01
-1.952567142939560518e-01
-3.689364029993009719e-01
-2.019420000164835749e-01
-7.608649885133107471e-01
-6.530955244849514507e-01
-2.546781068193171294e-01
-3.826342063780528990e-01
-5.829668442581844578e-01
-4.188157875343325176e-01
-3.917935458564438256e-01
-8.393640146148955150e-01
-7.627179738426064226e-01
-2.579378949966087409e-01
-6.001188764510069218e-01
-2.999260281590105381e-01
-6.455313968704776695e-01
-3.123255995958237330e-01
-2.600558571675824493e-01
-2.602899816307613912e-01
-3.996050657673919093e-01
-3.629711623334140880e-01
-5.344918918782811668e-01
-7.798276561497208270e-01
-8.841160312353515405e-01
-2.486272857390109947e-01
-5.591714585298815932e-01
-8.180888157883745571e-01
-8.941161637478513002e-01
-2.348270714574176299e-01
-3.372545714780220694e-01
-7.409876644114146149e-01
-5.268738774065692132e-01
-7.366027049587176023e-01
-5.587692337990738389e-01
-3.195703571634616047e-01
-4.155192778189869540e-01
-6.157608211627240147e-01
-7.563487320696865579e-01
-7.807149602953088463e-01
-6.172431107934027716e-01
-3.619513034488069936e-01
-1.106032960676919696e+00
-4.490388139021425640e-01
-1.055501018827408322e+00
-9.491165414350749563e-01
-6.712568499462218119e-01
-6.068738774065691732e-01
-3.272266428942308125e-01
-5.284410707979750876e-01
-6.918841116279570436e-01
-6.963809402350696898e-01
-3.934264286126374910e-01
-6.285993388683993599e-01
-3.591407143269231272e-01
-1.070510540792146470e+00
-1.075227007629990350e+00
-4.091686429107144196e-01
-8.588805275448982979e-01
-5.720046372042052463e-01
-1.199133087866586900e+00
-5.174054206678880830e-01
-6.801791800761775031e-01
-7.894384969339458547e-01
-1.262176130574527377e+00
-7.341259254724068484e-01
-6.113218047476084438e-01
-1.181098120998488543e+00
-8.082121569837901198e-01
-8.420266589255501755e-01
-1.206352695240564099e+00
-5.622878388148275786e-01
-6.531596641287359395e-01
-1.116466903775722219e+00
-5.071961749624407378e-01
-6.748331232850930395e-01
-6.432188656803672355e-01
-7.684503742302989382e-01
-7.562841812512351991e-01
-8.525747256447439026e-01
-8.078288266377953164e-01
-7.422720961976100318e-01
-7.931352597064335042e-01
-1.100405682781032457e+00
-7.179549095164732275e-01
-1.246930152902868016e+00
-1.104155927800078096e+00
-4.167225177386421620e-01
-5.642699946421338986e-01
-4.250425707691287691e-01
-7.432665499106103635e-01
-3.110547857596154264e-01
-6.835679560833595181e-01
-5.819497111040243809e-01
-6.024578236342220672e-01
-1.383394960246513428e+00
-5.545466854659625300e-01
-1.242949985247473466e+00
-3.329409286085165398e-01
-1.317751651123984624e+00
-6.683679039930355836e-01
-4.948829286250000514e-01
-1.100498209011695483e+00
-7.348205653574407803e-01
-5.321859383900469087e-01
-5.475567803358150076e-01
-1.221833575204905875e+00
-8.182186447969465037e-01
-1.300252399397110903e+00
-4.446594816678494100e-01
-7.040936118983028846e-01
-1.266854822793614499e+00
-4.650808420281860589e-01
-4.114378748608948921e-01
-3.891127857431319059e-01
-8.432200884150777842e-01
-5.005163111221621053e-01
-6.512223572623632162e-01
-6.838260922283695420e-01
-7.906602565963474216e-01
-7.101058268887896485e-01
-7.697546113562023784e-01
-4.323623211338776806e-01
-7.833155010267016660e-01
-4.862649463183126852e-01
-9.128907742811681603e-01
-7.520001078957201379e-01
-5.686241010494456072e-01
-1.038078983591169679e+00
-6.466443632256030360e-01
-6.967062876170010410e-01
-1.107168975218169926e+00
-8.468281069402830985e-01
-6.035002537844482706e-01
-6.291332771595445905e-01
-7.151207997747480727e-01
-8.668070867589887651e-01
-9.077400531953225826e-01
-5.944420398946637096e-01
-6.527707994709497363e-01
-1.000574127334090013e+00
-6.379676330800825301e-01
-6.330941752220611285e-01
-5.880305635909655049e-01
-7.284868372245013601e-01
-5.187110714903848674e-01
-6.536567260625765208e-01
-5.246809224384844095e-01
-4.004482497011853104e-01
-8.325509128179194862e-01
-8.679416031895399453e-01
-8.313732064522293408e-01
-6.011595916922835015e-01
-7.814035070922097370e-01
-5.060792601421583159e-01
-8.966860507046799933e-01
-4.944532857884618160e-01
-9.671367172027691694e-01
-7.851483077691987500e-01
-8.207201166585403884e-01
-8.721334073196927994e-01
-5.798422241208163186e-01
-7.680891464889952891e-01
-8.277413652291766288e-01
-5.547741197977223981e-01
-1.158355418680812932e+00
-6.153015726695634235e-01
-5.216381603202698836e-01
-7.676572487771819997e-01
-9.809126994631729435e-01
-1.037502330474059375e+00
-5.196951440344811379e-01
-5.969850812636733339e-01
-4.334264286126374710e-01
-8.773566362841027644e-01
-8.480381000617380760e-01
-1.091885357875978846e+00
-1.444821988616083797e+00
-6.900445225143148065e-01
-5.277894408365690904e-01
-6.604331063214982089e-01
-7.287596961598576950e-01
-9.889176311786551654e-01
-6.605809842176446622e-01
-7.450793201560523826e-01
-7.816806414790165025e-01
-7.538498575561818349e-01
-7.779572146575796099e-01
-9.032990238460835153e-01
-9.092757356976682859e-01
-8.163749835806470845e-01
-7.306808717083017601e-01
-1.004019424180087716e+00
-5.115961429313189424e-01
-8.857004821856683252e-01
-1.065750204466452189e+00
-6.496750549205889680e-01
-1.176441385267903428e+00
-1.309036656692693201e+00
-1.077906218022299134e+00
-4.395796605957850156e-01
-6.655010732568603649e-01
-7.838962089731782434e-01
-1.006121504743006767e+00
-8.812250444991727161e-01
-4.291220891754554678e-01
-9.908448136408400941e-01
-1.302664190418903800e+00
-4.077680000659341664e-01
-1.369573149708148030e+00
-7.187985643054392026e-01
-5.091220891754554279e-01
-9.763855990468247592e-01
-1.244032811611122780e+00
-6.724759200208084708e-01
-4.651305420832329562e-01
-5.776660996411536741e-01
-8.290551759767800233e-01
-4.067160299254858891e-01
-1.145314141479740755e+00
-6.189079456506284549e-01
-8.668692558583581675e-01
-5.561560476023148514e-01
-1.049317994369374007e+00
-5.627924744484771313e-01
-4.051915354072292419e-01
-9.956689829519044244e-01
-5.493013774271737759e-01
-9.439677674975207600e-01
-7.133281488430740502e-01
-8.596970061692850162e-01
-9.000109757174936664e-01
-5.565828565328654332e-01
-8.902771674950685776e-01
-1.026882652074011526e+00
-7.113639030199057078e-01
-7.901904579489866798e-01
-7.342816507145754068e-01
-7.772731783426695129e-01
-6.669878968828407695e-01
-7.863821978975129579e-01
-9.347273964196480822e-01
-9.123279763388298935e-01
-3.591407143269231272e-01
-8.814479809782624908e-01
-7.919358760122096053e-01
-5.372318305695872320e-01
-8.442864808709721336e-01
-4.032221172850152802e-01
-9.423415387301143920e-01
-6.400533154685774662e-01
-6.896383333825351070e-01
-8.639363223942925218e-01
-1.170037778493117742e+00
-6.045022345535472352e-01
-8.652862684546525074e-01
-5.529967857760991201e-01
-7.125630501562308927e-01
-9.704929548836209730e-01
-1.092740114757271508e+00
-5.791822466053025975e-01
-3.376842143145604713e-01
-7.820163356663555332e-01
-8.180246761445901793e-01
-7.278909023851884985e-01
-9.137181439958442786e-01
-4.232009687213631466e-01
-3.743415714532967176e-01
-7.903559449157114836e-01
-6.192988540149892973e-01
-6.958571263481121427e-01
-8.032407241496628547e-01
-9.483242919082960354e-01
-7.770827095985376465e-01
-7.031432974746643083e-01
-4.908998437864197095e-01
-4.920673180462364349e-01
-1.064080407371895909e+00
-5.139677857843408804e-01
-6.076032258955333942e-01
-3.938560714491758930e-01
-7.311198678271816354e-01
-7.456562553585929232e-01
-5.929036783055812165e-01
-6.450248766850628090e-01
-4.864349311377071938e-01
-1.420813716320299402e+00
-8.806743679593309615e-01
-6.833504244214535506e-01
-8.413959207788324068e-01
-8.784981512399424597e-01
-9.005729939484256041e-01
-8.640185109256514062e-01
-9.246658495314464821e-01
-1.166874560110400028e+00
-7.662274580941570434e-01
-9.022028681818634599e-01
-6.291313926077789498e-01
-3.609803034405651978e-01
-7.839562765143051060e-01
-8.253249359259253737e-01
-4.343974286208793223e-01
-5.744747265590968155e-01
-8.061094755802353795e-01
-7.206749248071533387e-01
-6.800377655058520432e-01
-4.696541429148352598e-01
-8.807219585865263545e-01
-7.872313247783432333e-01
-6.485007828276672104e-01
-1.034121432306554178e+00
-6.597765347560287097e-01
-8.135248841198809977e-01
-7.340767838037326465e-01
-9.144253389178502722e-01
-1.235618447251805252e+00
-6.675916173221035921e-01
-7.372946191133042948e-01
-1.260498075643894822e+00
-4.663115000535715815e-01
-8.247843542974477860e-01
-7.573411367059313948e-01
-1.076235301694197899e+00
-7.165041489179855283e-01
-1.467742173173613329e+00
-9.902374322735865153e-01
-1.159448828343213167e+00
-8.324860284891820728e-01
-9.044864250212469869e-01
-7.065676656541666212e-01
-6.369830683295498730e-01
-5.958459809878025037e-01
-6.833357161719461059e-01
-8.955451751818347406e-01
-8.985398993955476810e-01
-7.475787790835225488e-01
-1.310770298540692158e+00
-7.730685081250664448e-01
-8.059336885163688180e-01
-3.362835714697802736e-01
-7.870384854917207296e-01
-7.848558926149729054e-01
-1.003466508226930731e+00
-1.511470521327740846e+00
-1.018731034141916458e+00
-6.645727999706373401e-01
-8.765239275380747319e-01
-3.215123571799451407e-01
-5.887879963382732784e-01
-7.524567417675004366e-01
-9.583974700696155091e-01
-8.103429428525059652e-01
-7.597005499809158513e-01
-9.826410385840209649e-01
-1.003628603310595002e+00
-6.833919939288692902e-01
-1.270930488819211668e+00
-4.703239153985177001e-01
-8.530386329496589815e-01
-1.146257749819145300e+00
-8.636178359158463991e-01
-1.245149328725320803e+00
-4.671893925912954382e-01
-9.050096049230179629e-01
-1.419504358524503296e+00
-9.063451125353814142e-01
-5.348367593364503625e-01
-9.697010604589768601e-01
-5.926139888818026114e-01
-9.407292917085059436e-01
-8.163348070891516262e-01
-6.324627191025957718e-01
-7.506395493027090415e-01
-7.526193279131543346e-01
-8.062158508840487903e-01
-5.994865531252672186e-01
-8.606304010710826846e-01
-6.660997515585709294e-01
-6.771242137045689891e-01
-5.755285812513106780e-01
-5.734822857802200913e-01
-3.290662320078728831e-01
-4.896075891795764745e-01
-7.224209939206277520e-01
-9.713010109874646858e-01
-8.584234666026293592e-01
-7.500636581438433481e-01
-5.869316191259171811e-01
-7.116054463636427574e-01
-7.824366591347559075e-01
-6.934238869136326588e-01
-6.173681703649527286e-01
-7.640940324876438483e-01
-1.138003127198415010e+00
-8.920384072377181006e-01
-5.504953139145054575e-01
-9.264024708944248454e-01
-5.639334592761134912e-01
-9.675748584355809978e-01
-5.322951316640337494e-01
-1.020955475752483910e+00
-1.771777692820060812e+00
-1.148290972754381079e+00
-8.258656270953922407e-01
-8.580647457810207657e-01
-6.027669408945122154e-01
-1.210879443478359407e+00
-5.599675604373898219e-01
-4.195238034282026129e-01
-8.010530296805895567e-01
-1.014149142619267030e+00
-4.379006446936732910e-01
-5.413452778684377797e-01
-6.841378885753963690e-01
-6.196467057474568385e-01
-1.241445648635343124e+00
-1.176351401019675835e+00
-7.447922161843086863e-01
-5.761581979241703344e-01
-1.250210711444179612e+00
-8.905631641022270228e-01
-5.807003380384508917e-01
-5.393590292578015477e-01
-6.797543066766610353e-01
-7.967067082063418182e-01
-1.064530329355815708e+00
-9.546279524919689674e-01
-6.363487320696865623e-01
-8.243164040592203534e-01
-1.074149563208607994e+00
-9.368684105495349579e-01
-8.349270111339033296e-01
-7.449715044360267768e-01
-1.022773831010189260e+00
-4.639398572005495880e-01
-5.754708023029261321e-01
-7.273642534629927159e-01
-1.298362987886835906e+00
-6.395957463992539838e-01
-1.226906226979615377e+00
-8.357121730374200697e-01
-5.216240715151102547e-01
-4.752660177262795771e-01
-5.702888997640397362e-01
-8.555544774849076495e-01
-1.516482819936375348e+00
-7.420780606301708993e-01
-9.097407362256855201e-01
-1.330932995504835681e+00
-4.258837417687986737e-01
-7.100675556297324498e-01
-1.157225779388968867e+00
-8.514027853808936452e-01
-9.677635159054550629e-01
-6.186183484665758181e-01
-4.789451959535637737e-01
-1.035213893088587245e+00
-8.791071745679251981e-01
-6.919075653327155795e-01
-4.615682143475276500e-01
-8.240881646914107739e-01
-6.525881631208551026e-01
-6.834616476946288044e-01
-6.505343405936656609e-01
-8.672334046275497199e-01
-1.317905718666547266e+00
-5.362238872889577568e-01
-7.000856520163187824e-01
-1.395132950805250349e+00
-1.072814832129835194e+00
-4.095982857472527661e-01
-8.983155492198647840e-01
-5.382348749185874581e-01
-1.307725831968045149e+00
-8.495087593519092817e-01
-7.926954139333672877e-01
-9.217503004054478088e-01
-9.364841923165929671e-01
-6.850710098309810148e-01
-5.153777320614446600e-01
-3.994772496929436256e-01
-1.340983572757335596e+00
-1.271544317726848394e+00
-1.349010112241483483e+00
-4.712982136551179257e-01
-1.687514926670644178e+00
-6.334772230200368393e-01
-3.577400714821429850e-01
-2.003538995857137905e+00
-4.119913693709096325e-01
-1.584260141389463472e+00
-9.299125191883824693e-01
-6.268289390277691497e-01
-4.348363748897410841e-01
-1.767585931062616744e+00
-8.479516153982560311e-01
-1.411837387815094269e+00
-6.787418156933434643e-01
-1.227085235645332562e+00
-5.898701527046074089e-01
-3.486831429065934684e-01
-4.729947728419753861e-01
-7.789019683155330442e-01
-8.880360689440741639e-01
-5.506231299889535746e-01
-4.723349030281473460e-01
-6.371724870507896599e-01
-1.117235460041762884e+00
-9.445305452330414742e-01
-3.552660177262794705e-01
-6.055594811288216306e-01
-6.434262381904288786e-01
-8.162519524051793374e-01
-4.959120909419308387e-01
-5.786878430775261872e-01
-1.134245632417449690e+00
-7.724817465565838592e-01
-4.501396429189561954e-01
-5.310851093732332773e-01
-9.449620928281630139e-01
-4.902634945924326804e-01
-5.052473925748118821e-01
-7.018383143433314375e-01
-6.324861728073541967e-01
-9.114841399598092586e-01
-4.283023589464205472e-01
-6.546277260708182055e-01
-9.571160488185814774e-01
-8.367420160478028501e-01
-9.772055801795388463e-01
-6.098577994462242025e-01
-4.886213084039156551e-01
-4.574612778354707476e-01
-6.999141298628311914e-01
-7.327291801135158433e-01
-6.306322588045089050e-01
-4.461625354154711842e-01
-7.309644760952995757e-01
-1.191700101294539405e+00
-7.874389804900137069e-01
-7.268770958021119055e-01
-6.451600914332519254e-01
-1.132157430019303579e+00
-6.786119866847716287e-01
-9.694915190662902749e-01
-5.176102424735710139e-01
-6.516538846506670923e-01
-7.605599640363508440e-01
-5.252008388395528193e-01
-6.273574143265844283e-01
-6.529228139351097582e-01
-6.732249329041826158e-01
-8.774753713274472400e-01
-8.313317143609749715e-01
-4.738540585150523010e-01
-4.804482497011854369e-01
-8.415330981795612342e-01
-4.466014816843329460e-01
-5.843796085054613343e-01
-1.447343823985587363e+00
-5.892478254006974225e-01
-6.798724400327483819e-01
-8.091617162213969872e-01
-7.002022801066780655e-01
-1.302345928407244058e+00
-6.191710379405408471e-01
-8.522259860253292851e-01
-1.035334796630396959e+00
-9.634414531720160157e-01
-1.494874318472085184e+00
-1.087873971363278125e+00
-8.021654286868139527e-01
-5.234757979670637829e-01
-6.303560732980694192e-01
-7.350214025553347685e-01
-1.516462688276013271e+00
-7.200023767430059340e-01
-7.153280439024517490e-01
-9.132603543044365280e-01
-8.175236073342481147e-01
-8.952786100267948743e-01
-7.048357200935079225e-01
-3.033985000288462186e-01
-6.992640372355182210e-01
-6.856365335037665210e-01
-5.534512144722459892e-01
-7.674593749968849909e-01
-6.784768186448479899e-01
-5.749136728279587993e-01
-6.869555603350994133e-01
-1.063971123087572801e+00
-6.231038968498733288e-01
-4.419513034488069536e-01
-8.036456746109178484e-01
-7.685375043657213245e-01
-7.623935758148971953e-01
-5.576102424735711605e-01
-5.691779463430380881e-01
-8.096637385541418652e-01
-4.754172875054863967e-01
-3.942950177180377103e-01
-5.336474226302528878e-01
-1.075375574809149137e+00
-6.973842561684215902e-01
-8.733772047960157714e-01
-8.052120268236422351e-01
-7.847754342254283921e-01
-8.254943950214952419e-01
-7.383391703731945199e-01
-9.035294978823504852e-01
-4.090662320078729541e-01
-8.587447212012310205e-01
-6.469320397152580338e-01
-7.299167064398666138e-01
-6.736678435740165449e-01
-8.677982155040114831e-01
-7.514167541461123090e-01
-5.334822857802199447e-01
-3.753125714615384578e-01
-8.072624429269322777e-01
-6.586757057392150783e-01
-9.967467558416241991e-01
-6.591627835472798624e-01
-4.494684567386809659e-01
-5.383861446977942222e-01
-7.001513413811064623e-01
-8.063908904039356340e-01
-5.012335635332728634e-01
-7.025485177880932408e-01
-7.556098435905002075e-01
-1.121884435813951031e+00
-1.179187994550696894e+00
-4.376469640116250615e-01
-7.349945145778072897e-01
-5.536057168643556681e-01
-8.555940340581998926e-01
-5.660327064068992886e-01
-6.317239590057673881e-01
-6.555378846836343865e-01
-8.305601142761672717e-01
-4.838933034652906362e-01
-7.183950275407771091e-01
-7.688553246915540429e-01
-7.165573229789006238e-01
-9.598008810345510788e-01
-6.639104261606957325e-01
-6.546186284370141273e-01
-9.555362561962199575e-01
-6.505510426997298534e-01
-1.231787932330231206e+00
-6.124831229812945921e-01
-9.118100612546276018e-01
-9.391318451761313524e-01
-5.072825000618134128e-01
-1.247761777879178524e+00
-6.935061690796933132e-01
-4.219978571840660164e-01
-9.114318905953592287e-01
-7.250132102019239966e-01
-8.030079117203378081e-01
-1.198873985302289835e+00
-1.273807280550763865e+00
-1.017952125876317560e+00
-9.084131239273636194e-01
-1.041284853022593326e+00
-7.068854859799990065e-01
-8.147971116526824265e-01
-1.026040273176268114e+00
-9.316599364783425541e-01
-6.871154207503061828e-01
-6.549946429601652964e-01
-7.931339052828710878e-01
-5.097819589892836900e-01
-5.109342601833672948e-01
-1.170804977885869569e+00
-5.247618925706910575e-01
-6.791923137703723690e-01
-4.786086605875433664e-01
-1.281142539482599485e+00
-6.719728341081621092e-01
-3.920257857678572933e-01
-1.387902410425130295e+00
-4.763394286373628383e-01
-1.270613756731037824e+00
-5.449127417605569290e-01
-3.896541429148352997e-01
-6.276291438962072755e-01
-5.089922601668834812e-01
-1.215048920345905614e+00
-9.059987822011921210e-01
-6.245026551428878303e-01
-2.933705714450550173e-01
-1.345341432332364029e+00
-9.360619481537952868e-01
-4.529502320408400617e-01
-6.527272955617504646e-01
-7.796849770065140683e-01
-3.477121428983517282e-01
-4.241739816637284943e-01
-5.425739229596998614e-01
-1.030784194262474029e+00
-8.395534463483683707e-01
-8.036643896511054264e-01
-5.215892345288218879e-01
-1.012147586804319044e+00
-6.297310202637120824e-01
-1.096966437825385388e+00
-1.012768764535677990e+00
-5.511477489119611661e-01
-5.005255476394028236e-01
-5.204482497011854170e-01
-5.916543052400079494e-01
-9.043177522357060960e-01
-5.725694480806670095e-01
-6.726057490293801955e-01
-8.690819463899376318e-01
-4.719233748650157878e-01
-4.743974286208793023e-01
-1.083207200326478992e+00
-8.592336557121917906e-01
-8.620952259493553926e-01
-9.859011407353726053e-01
-4.941553565122607794e-01
-1.093303773867034145e+00
-9.273199857912733934e-01
-1.008738300303157365e+00
-7.471712779178889541e-01
-1.055670911407076584e+00
-7.753338679140011624e-01
-4.757049639951414499e-01
-4.795796605957851066e-01
-5.371247424694503003e-01
-1.067421578612930855e+00
-1.194776388365188291e+00
-6.142273858917758345e-01
-8.071896688624641270e-01
-7.221868694574488101e-01
-1.123887073636482770e+00
-1.094641351598302892e+00
-3.091127857431318904e-01
-4.399161959618055340e-01
-5.721398052441288851e-01
-1.503387852416433690e+00
-7.820379048193484284e-01
-4.519792320325983770e-01
-4.207015097938928694e-01
-4.556216887218285660e-01
-6.369850812636734805e-01
-6.752693438235076728e-01
-6.419820476517658081e-01
-9.451834421231418704e-01
-4.376376605793015351e-01
-7.800429531431695152e-01
-6.831383132468210606e-01
-8.906638065478125199e-01
-5.655456140579956381e-01
-1.097640457911648770e+00
-3.928943748732575680e-01
-7.320889334336398990e-01
-4.095982857472528216e-01
-1.080678968869716039e+00
-6.801678637097302582e-01
-3.910547857596154420e-01
-9.023345339577494295e-01
-8.688810380229591290e-01
-9.038768354224290258e-01
-4.009803034405652888e-01
-6.683987925141666731e-01
-6.217426546298839840e-01
-7.863260141348888954e-01
-9.458361960555384806e-01
-1.483299916419847708e+00
-6.475817851248986123e-01
-3.753125714615384578e-01
-7.191807619622053727e-01
-1.215333426686834084e+00
-1.099232371527207430e+00
-5.438721549016386492e-01
-5.345471060553033116e-01
-5.671061173179825499e-01
-7.019487617498022525e-01
-9.431768767128611008e-01
-5.474569403441696958e-01
-7.471638590373306243e-01
-9.218865771304323165e-01
-7.281250268483674404e-01
-7.832951676206519886e-01
-1.224469245545383611e+00
-7.232762537254570079e-01
-7.853113879004240960e-01
-9.355772958095035507e-01
-5.524647320367191972e-01
-5.760880530964209711e-01
-5.624566518787803560e-01
-5.755204350335900720e-01
-6.490969762108315111e-01
-6.308646733326905842e-01
-6.142210458770483994e-01
-6.532807900717652050e-01
-7.569208132375309095e-01
-8.294918536629811712e-01
-3.920933596844103919e-01
-3.843695000370879744e-01
-1.113057332469846283e+00
-1.132470182814250270e+00
-3.729409286085165198e-01
-9.886447722432987195e-01
-1.140347558394110949e+00
-1.345610230373020189e+00
-7.809322278331727318e-01
-4.844253572046705036e-01
-8.700231988600394262e-01
-5.960963634214923035e-01
-4.185621068522842880e-01
-4.329967857760990690e-01
-4.436845841737185880e-01
-7.899856361433035268e-01
-1.049660246137593012e+00
-8.910248259548804173e-01
-7.295064914398395883e-01
-1.170327961902468239e+00
-9.367370318199595980e-01
-6.927640170998045077e-01
-1.148838623297101291e+00
-1.240670911685414435e+00
-7.906977302796649454e-01
-7.233450196042696678e-01
-1.132553818325807260e+00
-1.207650527886384273e+00
-7.044095476723701843e-01
-7.503748486893536684e-01
-7.209179401730059222e-01
-7.370275422156022938e-01
-1.335853654138381197e+00
-6.875616563881177257e-01
-7.471780602890341072e-01
-6.896016118444810994e-01
-6.676344988633733379e-01
-6.037634744567187406e-01
-7.291524127890732787e-01
-6.328227081733746040e-01
-6.291347844908395937e-01
-9.161250946903274350e-01
-9.458092411629281937e-01
-1.102490512782888787e+00
-5.157049639951415410e-01
-9.098583780459282844e-01
-4.962119716849801576e-01
-5.795732626713487878e-01
-5.867597497547570873e-01
-9.819491244294341614e-01
-1.032271172707705187e+00
-6.548205653574407092e-01
-8.340380080282520092e-01
-8.488540202997518769e-01
-8.295152649780311860e-01
-4.207946172644108085e-01
-1.042149198565172741e+00
-6.272502339867213061e-01
-8.041970484851236334e-01
-8.248716644443818691e-01
-6.046432515462081270e-01
-5.569757778313497720e-01
-8.404815753164185388e-01
-8.387856169701973785e-01
-4.501396429189561954e-01
-9.432616361554162498e-01
-8.546926878157172780e-01
-7.811385715109895322e-01
-9.933070878171356144e-01
-4.998329206884926657e-01
-8.156677136922062532e-01
-1.100487640189228289e+00
-8.909805412180957784e-01
-1.196837414268677291e+00
-8.395990724964824681e-01
-1.057901537267437631e+00
-8.560056906036892510e-01
-3.910547857596154420e-01
-8.708866051653155749e-01
-8.019403046568320814e-01
-5.928669567675274310e-01
-6.474793742220570358e-01
-3.467411428901099324e-01
-9.497916674909476775e-01
-8.550252587807658511e-01
-8.826133547082003483e-01
-1.118271121977522986e+00
-3.813633925418446480e-01
-5.790667424859339274e-01
-5.394399993900081958e-01
-7.422598919442157106e-01
-5.943793139474725651e-01
-1.287017162966696215e+00
-5.086114762067105444e-01
-1.158876572149300399e+00
-3.723995714368131815e-01
-1.004426541985417254e+00
-5.124861728073540901e-01
-8.209350628684107809e-01
-3.967690714739011693e-01
-5.605506606040269180e-01
-1.011165312819338302e+00
-6.470016934810175480e-01
-8.706933214604133386e-01
-5.131378027687600873e-01
-5.156682424570876444e-01
-5.176469640116251325e-01
-6.700401375240021551e-01
-7.037555268112793971e-01
-3.729409286085165198e-01
-1.008702642345004730e+00
-6.744836094020797423e-01
-7.837813099484474133e-01
-6.236145098186183233e-01
-6.963020499520693463e-01
-8.798914261834330786e-01
-9.389606886012946685e-01
-6.516835652737241746e-01
-7.073029914782261729e-01
-8.441167321356209952e-01
-5.478727161098821963e-01
-1.060370040758694232e+00
-4.999720531293880832e-01
-6.297799460551603001e-01
-1.144906555716432628e+00
-1.411822711406811370e+00
-6.070526322065892266e-01
-9.098778981221657958e-01
-8.034422741438800308e-01
-9.106685356473331883e-01
-8.599659474119347724e-01
-6.197847746084510501e-01
-8.453125531747180954e-01
-8.434381270747874915e-01
-5.409063315995757959e-01
-7.930809536231760992e-01
-8.934068423329288855e-01
-7.667023707150411038e-01
-7.111035003178084457e-01
-4.639398572005497545e-01
-4.803814808206822717e-01
-6.893733363340396325e-01
-5.346506887135867858e-01
-6.143253413316555056e-01
-8.629551979818631535e-01
-9.968584499699717494e-01
-5.424347905188046104e-01
-9.593345166599587248e-01
-8.855407003028015200e-01
-8.900610495297558433e-01
-6.432648440070343199e-01
-9.065628455336741665e-01
-7.158381191009417499e-01
-5.672358677942144212e-01
-1.115974289253491403e+00
-4.796820714986266276e-01
-3.605413571717033250e-01
-7.370115073914020876e-01
-4.555192778189871006e-01
-1.106748797197192546e+00
-7.237775473260643633e-01
-6.320369737519465625e-01
-9.797286635838337032e-01
-7.277773034982578659e-01
-5.872569665078485324e-01
-8.288068502618978206e-01
-5.717469921211850714e-01
-4.154403875359868881e-01
-1.059636009954608715e+00
-5.671878002465127189e-01
-7.391342082269463098e-01
-9.966008048869514635e-01
-5.313447673903769486e-01
-7.322995372769776079e-01
-7.792428514428295649e-01
-9.438827544320022023e-01
-7.317930170915627475e-01
-8.587514113326497611e-01
-4.190941605916641000e-01
-9.959423063800082465e-01
-6.430922882764436022e-01
-6.123097900635234847e-01
-3.517935458564438456e-01
-9.145784932488223440e-01
-4.980300531129046027e-01
-5.426435098103765675e-01
-7.188384292726009983e-01
-4.458841623581395464e-01
-1.109834615947300707e+00
-4.605972143392858542e-01
-6.028840600468612365e-01
-4.622280841613559121e-01
-8.626261079332935289e-01
-7.847599501092166197e-01
-4.399818853265929919e-01
-1.178626080176748081e+00
-4.859498517229270398e-01
-8.167296798544844139e-01
-5.514937320284775124e-01
-9.823825103949754833e-01
-7.120677179549049773e-01
-1.159196534920865496e+00
-7.263192111411125307e-01
-9.358429760756775684e-01
-7.425229842341283248e-01
-1.278151347151561978e+00
-9.040821873563151811e-01
-7.175967380823770059e-01
-5.506505480946840558e-01
-8.862701569673063773e-01
-1.173537668468683792e+00
-5.697314408530528285e-01
-6.140216300177999686e-01
-1.091647032927784533e+00
-7.252101422718765233e-01
-4.402395304096132223e-01
-5.935870018241680146e-01
-6.125224737560672761e-01
-7.680730245428947223e-01
-1.184702434811019334e+00
-9.972102661034111248e-01
-7.803178919277323766e-01
-6.793606070617456139e-01
-4.462649463183125942e-01
-7.292944460510392135e-01
-9.468948563274056651e-01
-6.363231985157214998e-01
-1.064715831026672888e+00
-3.877121428983517637e-01
-7.634201248309233634e-01
-5.887693236877937775e-01
-1.008208858735431424e+00
-4.257794463141916785e-01
-6.294312064357455716e-01
-7.652717388533339937e-01
-5.815916065850109673e-01
-9.290660656885521007e-01
-4.862649463183125742e-01
-5.444070266111920020e-01
-7.098024504056963391e-01
-8.363490947493184002e-01
-9.342629165968211469e-01
-8.964514351795108693e-01
-7.096291673379432341e-01
-8.518379784820390155e-01
-6.832314207173391107e-01
-9.004952956276849330e-01
-5.099632601751253880e-01
-1.190768657859589741e+00
-5.310336371959634150e-01
-6.900303053267972109e-01
-4.686831429065934640e-01
-4.439608773818437548e-01
-4.763394286373628383e-01
-1.040871282346692572e+00
-6.192273156974642534e-01
-9.103163894716695959e-01
-8.514371750898760416e-01
-9.960051416319902762e-01
-7.651150218672353454e-01
-6.456123670026843175e-01
-8.461216129185467061e-01
-1.071939159719729640e+00
-8.187486856022027082e-01
-8.549348303969847018e-01
-7.315842977999904573e-01
-4.434543571964286723e-01
-6.067131960194983575e-01
-1.133741298312107348e+00
-1.667023781973755447e+00
-8.431040342376053820e-01
-6.709095678080839731e-01
-7.117498976290722590e-01
-1.224922947181318555e+00
-8.043113933774832525e-01
-1.177213376280567658e+00
-1.035326556777974583e+00
-8.831876017179011162e-01
-7.958802263786128872e-01
-5.010208798407288500e-01
-5.640745261187923854e-01
-6.359312265714595069e-01
-4.191965714945056765e-01
-1.423737904329113402e+00
-1.413265180057428960e+00
-9.033380067722137641e-01
-1.001570883297516756e+00
-7.660020366965207828e-01
-5.201210177674884250e-01
-4.536335555594267488e-01
-1.287621732226692517e+00
-5.813692693434516778e-01
-7.725056711165146917e-01
-5.751920458852902707e-01
-5.983649961341422907e-01
-1.173327415408924157e+00
-7.026528132427002360e-01
-7.470756493861925307e-01
-5.573084157114811532e-01
-8.086612276568396762e-01
-7.150108151720977467e-01
-9.991727716929864611e-01
-1.379896071924914036e+00
-7.810547674727950085e-01
-4.162835714697803446e-01
-7.732252251111653152e-01
-4.128478211379985607e-01
-7.573033942546014696e-01
-5.007250304137342845e-01
-3.585062496847017943e-01
-7.531685469717186443e-01
-8.287520299862513040e-01
-5.935963052564914300e-01
-1.317318065887622680e+00
-8.401449010669619355e-01
-7.714515053738221217e-01
-1.140979074904665103e+00
-6.804555401993854780e-01
-1.297238657814674845e+00
-5.596820714986268097e-01
-6.933710636362951929e-01
-7.277773034982579770e-01
-1.375147269237868786e+00
-4.515402857637364487e-01
-4.970590531046626404e-01
-9.601729195394735905e-01
-8.011941719138556683e-01
-1.061943847994608170e+00
-4.954242857967036118e-01
-8.177800818883886880e-01
-7.386115660954305495e-01
-5.684204350633901281e-01
-7.915323659671663625e-01
-7.863788374122259173e-01
-7.647790857387449792e-01
-8.174292613435818478e-01
-7.481128457570263013e-01
-6.684949150314343225e-01
-6.396932594827158258e-01
-8.764931833351163881e-01
-3.295982857472528060e-01
-1.141855062683806210e+00
-6.675270851719191656e-01
-1.668249035181956996e+00
-1.522860288062557910e+00
-1.363433825582428982e+00
-7.392044612302361983e-01
-7.717817007251153161e-01
-4.129521165926054449e-01
-4.946653969630943060e-01
-4.721138717814956087e-01
-1.045151213277086155e+00
-5.425992612162238160e-01
-7.758048331989783053e-01
-6.401607810719111002e-01
-5.087874383612005502e-01
-1.025775845722102675e+00
-7.204515757984135682e-01
-4.853963572129123549e-01
-4.905804737395836335e-01
-7.377477825696838742e-01
-1.173645706589929061e+00
-1.174755266521154917e+00
-1.032848527003882078e+00
-7.870031776502597332e-01
-4.824833571881869676e-01
-4.780766068481633879e-01
-1.263463677211623670e+00
-1.115895694735040466e+00
-4.947898211544821123e-01
-7.341072104322191594e-01
-4.951920458852901996e-01
-8.174141953353304402e-01
-1.286876067441694804e+00
-5.065456245167504479e-01
-9.586614459279180211e-01
-4.080952319996311028e-01
-8.771300905061760744e-01
-7.665512557550850925e-01
-5.090137009375184096e-01
-5.067698741589448108e-01
-9.329929692639377103e-01
-9.677433871686741407e-01
-4.074171398107105380e-01
-1.164748206190086899e+00
-6.223812225565139578e-01
-5.359916473775442336e-01
-9.244392857558436649e-01
-6.524722685074917372e-01
-9.811126416189946964e-01
-8.128182617157866385e-01
-8.481907162131553379e-01
-7.039236270789085426e-01
-8.667985385126970588e-01
-5.561566055793873975e-01
-4.352660177262795971e-01
-6.802556162130825035e-01
-9.467915227899609265e-01
-1.090821250397219222e+00
-6.006696643081415043e-01
-4.860327064068992176e-01
-8.028935852135186124e-01
-6.965697260873018326e-01
-1.072180950122443965e+00
-6.106187449986408833e-01
-5.902188254089392183e-01
-5.166137089113645997e-01
-4.952944567881316096e-01
-9.481503224811119734e-01
-6.371128973381218197e-01
-1.023825877437548382e+00
-8.025739934323491420e-01
-1.311928733445666184e+00
-9.208783847289644386e-01
-1.011203918909157951e+00
-4.582255714862638607e-01
-1.173490694144084134e+00
-1.286914780386578805e+00
-6.636687746414183797e-01
-5.636977850919312472e-01
-1.202586654143652067e+00
-1.012878421022785025e+00
-7.644458486210835568e-01
-6.113065239801893647e-01
-5.330545274954472390e-01
-5.950666018670310864e-01
-5.241656991875267568e-01
-5.104076112611712901e-01
-5.191480048251231327e-01
-7.605321483529556836e-01
-1.361646527423676645e+00
-5.176469640116251325e-01
-9.228443762204616707e-01
-5.498147161263657878e-01
-1.253675890904296875e+00
-5.562564455710327094e-01
-6.056245043409956841e-01
-5.561439102640034493e-01
-9.310174349231918889e-01
-4.466945891548509961e-01
-7.178262522633435117e-01
-6.670810043533584865e-01
-1.089395740151087422e+00
-1.378347831376193433e+00
-1.507208843300600565e+00
-8.258113607299643055e-01
-1.216456645828504879e+00
-8.121544275009869862e-01
-5.773341745573459249e-01
-8.116081590712213023e-01
-3.920257857678572933e-01
-6.409896068728888618e-01
-4.191965714945056765e-01
-3.201117143351648875e-01
-7.298358032227428849e-01
-9.349787280571829617e-01
-5.151361887177077215e-01
-3.685341782684929401e-01
-9.230055012085498500e-01
-8.162933044968188057e-01
-5.898608492722839935e-01
-1.004343867312956773e+00
-1.236212019449602240e+00
-9.763181795402223750e-01
-4.752404841723145701e-01
-8.006782401205767563e-01
-3.952660177262795060e-01
-8.136521624240742323e-01
-9.963838457429572415e-01
-1.075945457451168208e+00
-9.379028041961317008e-01
-1.073391317131487943e+00
-3.024275000206044228e-01
-6.011849968638903752e-01
-7.015547768714165411e-01
-9.279813384110218166e-01
-6.500465354484386005e-01
-8.294364839998222827e-01
-9.690554078326664156e-01
-7.924210838093473930e-01
-1.096295964441433846e+00
-1.283202945081846291e+00
-6.363487320696866734e-01
-1.075060087707363499e+00
-9.109292180458155030e-01
-4.037908925624490997e-01
-7.879776119312701388e-01
-9.611328863828770830e-01
-1.308720590933161843e+00
-9.079681217910662294e-01
-5.301489463512798483e-01
-1.029686896012157238e+00
-1.243141402786150929e+00
-7.283558530631878414e-01
-4.576935177468840488e-01
-7.849455658127217905e-01
-7.729595354731639834e-01
-8.494413398453072306e-01
-6.304261979190010079e-01
-3.867411428901099679e-01
-5.121536018423056280e-01
-9.031660076237199020e-01
-4.695243139062634796e-01
-7.385458767306432026e-01
-9.894824420551170396e-01
-4.294493211091522933e-01
-9.078300529300720179e-01
-3.694684567386807839e-01
-1.039464439152855801e+00
-6.281957004409982614e-01
-7.185843757787326869e-01
-7.448318226076190429e-01
-1.283841386021093767e+00
-7.527257032169677453e-01
-7.839128516244693312e-01
-9.244707236644871262e-01
-8.903040362132862429e-01
-5.403535498858846875e-01
-1.279869864607937613e+00
-1.203636034087207207e+00
-1.116808974791011488e+00
-8.218682826795855600e-01
-7.496960751018829638e-01
-7.785136106555511359e-01
-6.591905941594103924e-01
-9.532885011593061897e-01
-6.592698861882555494e-01
-7.122000525626960288e-01
-1.059973792042505858e+00
-4.922167907685458532e-01
-5.884433759390815810e-01
-4.227043512058022978e-01
-1.072978888797265995e+00
-1.009820754931172848e+00
-9.104996409951089387e-01
-7.011531513781389391e-01
-5.214942425065383080e-01
-5.791964431121477963e-01
-1.223078998689143271e+00
-6.341791024240022168e-01
-8.780911209294809394e-01
-8.044326477028707068e-01
-9.979151587749909291e-01
-8.105837998368117248e-01
-4.510062190902329737e-01
-9.255614140597526740e-01
-1.373190466802638898e+00
-1.196553188935113310e+00
-8.155808331399870825e-01
-5.671061173179825499e-01
-5.890642895463984452e-01
-4.503933236010044805e-01
-5.601210177674885715e-01
-1.282228984226795765e+00
-1.153873233857851233e+00
-1.170592153914913780e+00
-6.685645018821109176e-01
-6.621349766908380952e-01
-8.065058556768630593e-01
-1.000521303970931752e+00
-5.918395708268214817e-01
-3.962370177345212463e-01
-7.487077844480295452e-01
-8.357977534518393758e-01
-5.626993669779590812e-01
-9.165741884937761430e-01
-1.337149750829172312e+00
-8.230783065734917914e-01
-3.909523748567740320e-01
-5.586026832524478847e-01
-7.197202143753259618e-01
-5.061159816802122124e-01
-6.434655451805177950e-01
-1.041995042784531034e+00
-3.410268571758242606e-01
-9.561771393855087453e-01
-1.043018217588766117e+00
-6.477517699442930654e-01
-8.574357030210482122e-01
-6.219422762876518629e-01
-6.798018303887729541e-01
-3.463115000535715304e-01
-1.050644844021354274e+00
-1.364670866012250183e+00
-5.195796605957851977e-01
-9.126645117048505229e-01
-7.339793943577709312e-01
-1.435613516431546444e+00
-1.170183857744326872e+00
-7.381999297567584106e-01
-6.050557290635619756e-01
-8.680666266184584590e-01
-7.673342644460661166e-01
-8.178703954868142834e-01
-1.111172423540097931e+00
-1.145510774215534155e+00
-1.292654087912167071e+00
-4.037541710243951476e-01
-7.759088393372826076e-01
-1.021660433273579693e+00
-1.148314336489405507e+00
-5.895250267025869961e-01
-1.030237499188669581e+00
-1.385720180228014797e+00
-6.175616758041887477e-01
-7.068292082230757112e-01
-9.095796423089648197e-01
-6.056754430665675093e-01
-4.295517320119938698e-01
-1.037178128410677358e+00
-8.843910124096225900e-01
-1.052771307598004746e+00
-8.480126334228561547e-01
-8.813080275655030826e-01
-4.763394286373628383e-01
-1.023623576693043713e+00
-9.622461703124740584e-01
-6.949851952096693930e-01
-1.308324837256048756e+00
-6.559419939662077814e-01
-4.867038925871744470e-01
-1.261441900628298640e+00
-4.981343485675114313e-01
-6.283478113988865132e-01
-7.029346248268024677e-01
-5.937609510445345240e-01
-1.135829076936486937e+00
-6.898449320382979977e-01
-4.430265989116558556e-01
-5.626900635456355548e-01
-4.837888796283255077e-01
-4.095982857472529326e-01
-1.098553880025167073e+00
-7.903859763223461954e-01
-3.672266428942308480e-01
-8.163234907227042703e-01
-3.410268571758242051e-01
-1.181957190794339141e+00
-8.069178894428231663e-01
-9.501170148728790288e-01
-3.567690714739011892e-01
-7.019394583174786151e-01
-6.348116825144579645e-01
-3.520257857678572022e-01
-5.108440535339198174e-01
-7.928975725881277636e-01
-3.814658034446860579e-01
-9.722661418361520091e-01
-9.293228272031828219e-01
-5.740236429519235406e-01
-4.970590531046626959e-01
-3.386552143228022671e-01
-7.724656246104831814e-01
-7.926854190237870856e-01
-7.116474867262307935e-01
-7.561808144701777090e-01
-8.553313609943061779e-01
-7.212217184019443783e-01
-8.050180581712859107e-01
-6.863785452052434399e-01
-4.882745202513493754e-01
-4.386086605875432198e-01
-9.898378971305942242e-01
-5.533333211421195275e-01
-1.002365208354944803e+00
-1.160239703665913558e+00
-1.295994747417953175e+00
-1.070478341632137065e+00
-4.848550000412089056e-01
-9.679478462947255224e-01
-4.385464054955244828e-01
-6.056131879745487723e-01
-9.946363723559024095e-01
-5.032779744525979204e-01
-7.639784539102022487e-01
-4.158539286332419427e-01
-7.287836113479607691e-01
-5.918395708268215927e-01
-1.030980140835572767e+00
-9.199125751628987047e-01
-1.100150108158389539e+00
-9.228539628543941387e-01
-7.141837955741131561e-01
-5.869571526798820216e-01
-9.808568492391025462e-01
-6.870805837640178160e-01
-1.257942293445041715e+00
-5.282405244437424763e-01
-9.339264426980757872e-01
-9.559355960417715847e-01
-6.001679559494567107e-01
-1.219274525448588831e+00
-5.427410727438563010e-01
-6.214751068770097975e-01
-8.443928969613881952e-01
-4.142484639827787585e-01
-9.050331010174844648e-01
-8.882430762773719790e-01
-5.935380145654446382e-01
-8.298172010449125224e-01
-7.727394998151446703e-01
-7.550338523074460184e-01
-1.240358832136778888e+00
-9.835059772625095453e-01
-3.818680281754940897e-01
-5.973451372495349743e-01
-1.025836872709230185e+00
-8.169487188476851625e-01
-9.861981365931655752e-01
-8.286941865725104828e-01
-1.042271500517645944e+00
-6.045953420240651743e-01
-5.009063315995759824e-01
-8.459062034955557863e-01
-5.157264047657763584e-01
-7.244492828938521312e-01
-1.071167617960444574e+00
-4.495982857472529126e-01
-4.052939463100709294e-01
-5.056770354113502286e-01
-6.458464914658633704e-01
-3.747805177221586459e-01
-1.071607343940712775e+00
-8.319291858807904561e-01
-2.933705714450549618e-01
-1.090920935569613448e+00
-8.742265222961322912e-01
-5.053498034776533476e-01
-4.377400714821429450e-01
-6.476680316919309899e-01
-1.145685443775214196e+00
-4.666206173138615632e-01
-3.352101605586970123e-01
-3.611502882599598174e-01
-3.765833852977467644e-01
-5.503233161609870638e-01
-7.421422002739553880e-01
-8.954724449020503574e-01
-8.253688811974733142e-01
-5.968459488227778609e-01
-3.996820714986265566e-01
-7.009979171979604518e-01
-7.851704146924467498e-01
-4.610361606081477270e-01
-8.260526217478344480e-01
-1.014229582623270343e+00
-6.628991419592733525e-01
-5.453966494198950743e-01
-8.107175932463557277e-01
-4.655707270226196459e-01
-4.387110714903847963e-01
-9.077587334878542968e-01
-1.017712245812376848e+00
-9.504482314143650745e-01
-4.972545714780221560e-01
-1.240162378565875967e+00
-6.498338517558943650e-01
-6.621001237687352825e-01
-4.379100563015376757e-01
-9.186231746688606759e-01
-6.244369657781004834e-01
-8.676148344689632586e-01
-5.870041270044820125e-01
-4.982348749185874781e-01
-5.144555909295681628e-01
-6.511855073419512419e-01
-7.195889640281090127e-01
-5.645022345535471997e-01
-7.743493530134866187e-01
-6.627459207132181396e-01
-1.023714799611795900e+00
-9.662058730053494360e-01
-4.227733388189484076e-01
-6.138824975769043846e-01
-5.671428388560366685e-01
-4.699632601751254080e-01
-8.089804150355551782e-01
-5.332500458688066436e-01
-1.086096130343850774e+00
-9.177911787191563864e-01
-5.609896068728889018e-01
-1.052692950766702662e+00
-6.023628316119387094e-01
-9.455682557962641344e-01
-6.682372699484139256e-01
-4.310547857596155330e-01
-5.334822857802201668e-01
-7.725787515129908245e-01
-9.491132779343726122e-01
-8.162837606618943420e-01
-1.056538927994565391e+00
-1.002253634298191809e+00
-4.649108572087914948e-01
-6.002722875466954822e-01
-5.930275299790574994e-01
-1.470557294511663393e+00
-6.345110275078098550e-01
-1.405632804529319380e+00
-6.268004624134020375e-01
-8.100284207750317877e-01
-6.009032817735162624e-01
-6.647427847900319042e-01
-7.243415531664761930e-01
-5.838681905006667394e-01
-5.865549279490741563e-01
-7.366844801269740728e-01
-1.023938208075308998e+00
-1.003714379022455194e+00
-4.915402857637365397e-01
-1.140927185695620905e+00
-8.811648023412772535e-01
-8.252668044755091525e-01
-6.167532619416009609e-01
-9.288969748214390698e-01
-8.258081775830271587e-01
-1.150335817308181463e+00
-7.707023124789366131e-01
-7.830107893793555318e-01
-6.827453919483367217e-01
-5.734567522262551398e-01
-9.990870628962094102e-01
-6.322692136633599747e-01
-1.163925360831354228e+00
-9.362352810715662832e-01
-4.048550000412088901e-01
-8.635416713632935171e-01
-3.767132143063187111e-01
-8.484718659802020779e-01
-4.681510891672135966e-01
-8.945113866298758376e-01
-4.762370177345214284e-01
-9.379656769112220127e-01
-8.232852649507981235e-01
-1.818218792254745697e+00
-4.815123571799452828e-01
-8.242053262334684272e-01
-4.843229463018289827e-01
-9.137633277875405469e-01
-8.261312902965008975e-01
-4.821815304260968493e-01
-1.263184167211061748e+00
-3.818954462812246264e-01
-7.058355956887569782e-01
-1.225338722537731240e+00
-1.174580826238798670e+00
-8.243726818161439818e-01
-9.438209796181683542e-01
-8.870725934947989444e-01
-7.976389737424064430e-01
-1.169286168261654879e+00
-3.562277143021977954e-01
-5.624304055284917725e-01
-9.819260461660108685e-01
-9.884961612794561647e-01
-6.152174510568970689e-01
-1.294161818857084700e+00
-7.357612336923738949e-01
-6.856142515544499938e-01
-6.753483010215907134e-01
-5.381392463868913678e-01
-1.082341367723977044e+00
-9.925816570208779721e-01
-1.216885049994518520e+00
-5.646555841819604904e-01
-4.752660177262795771e-01
-5.192685304013715530e-01
-6.045296526592776054e-01
-5.023069744443561246e-01
-1.388961337876971402e+00
-6.499382141255842793e-01
-6.906326587131773609e-01
-3.943974286208792313e-01
-8.747975322420232791e-01
-1.141154625884488238e+00
-3.571987143104395912e-01
-4.269948235721582330e-01
-4.464858698632789280e-01
-9.039758120525021035e-01
-6.970897973076212173e-01
-6.496341515657864107e-01
-6.687138871095521520e-01
-9.225581134273995731e-01
-6.570296220648089713e-01
-1.061263278529193110e+00
-5.800591832648106516e-01
-9.171929261674582889e-01
-1.261991861652531854e+00
-6.342468716379960902e-01
-6.935591631290967118e-01
-8.922914377029673716e-01
-1.212790416499575308e+00
-1.381199540157399097e+00
-7.174689889230115858e-01
-9.240948121990503195e-01
-6.388227858255500768e-01
-4.844467979753054321e-01
-7.318032698781083978e-01
-7.138069760149120535e-01
-9.226217229429807265e-01
-6.231313818706867291e-01
-7.690112876208717863e-01
-6.126502898305157263e-01
-6.896410591129822354e-01
-3.443695000370879944e-01
-6.470016934810176590e-01
-6.852301693459184051e-01
-1.144673003771165654e+00
-1.067329709812937732e+00
-8.581309421436125184e-01
-7.104643331536483197e-01
-5.170781887341912020e-01
-1.356955818735261499e+00
-7.158185628820721291e-01
-6.748021425242357596e-01
-1.251131216478243102e+00
-7.238309401977313096e-01
-6.349106230018989327e-01
-1.229058608438216904e+00
-4.727645458646855814e-01
-1.024964849331061245e+00
-9.723471119683586572e-01
-3.753125714615384578e-01
-5.788157875343327152e-01
-6.247441782798076604e-01
-3.929967857760990890e-01
-5.479889940835495077e-01
-6.304491807685872473e-01
-6.796104047987436836e-01
-7.810087425024175856e-01
-5.950670276170437756e-01
-1.262482383630233240e+00
-8.468370476929747426e-01
-1.596346348835070428e+00
-5.531573589876296326e-01
-6.103002161304865725e-01
-1.342354656179903794e+00
-6.338398413275346810e-01
-6.592434015009331905e-01
-8.133474146340957667e-01
-1.273016893866714572e+00
-5.556427089031226174e-01
-1.262236983587209815e+00
-9.958340772968803378e-01
-7.652758316366641278e-01
-7.844864250212467693e-01
-6.670962851207774547e-01
-7.708856935139847266e-01
-8.523875085910816995e-01
-1.030221202151945459e+00
-5.410361606081478536e-01
-7.396509811989070426e-01
-7.392949565291002667e-01
-7.137448493052511722e-01
-5.696657514882652595e-01
-4.794772496929435301e-01
-9.671225828661487167e-01
-5.869466774921167085e-01
-7.471994088199429562e-01
-4.598798950130924545e-01
-5.949920348199325693e-01
-3.495517320119937432e-01
-7.379402717396146283e-01
-4.033519462935872268e-01
