1.000000000000000000e+00
8.974630996596142385e-01
8.609836255000536953e-01
7.447242356130864271e-01
6.581791972945035818e-01
5.832730954201977847e-01
5.281221179915213115e-01
8.385547497330543276e-01
4.740510921532768429e-01
5.564209140014465538e-01
5.150676259887848607e-01
4.782800131793293885e-01
3.158430144680019480e-01
3.536431709701574055e-01
7.260596640934093848e-01
5.831602272696118083e-01
3.476834072150495891e-01
5.938438318186891607e-01
3.504978428133787016e-01
3.663111547628242204e-01
3.170929915794771792e-01
5.083070172929388120e-01
2.938742318928568853e-01
5.405092532455201271e-01
2.642212553819269782e-01
3.792871909542330777e-01
2.427243325934015650e-01
3.751926754721700563e-01
2.536394998923278132e-01
2.893008434776929705e-01
2.737264612366691607e-01
2.331290575082925753e-01
1.981529386701303685e-01
1.921092905230550318e-01
2.026714739979242064e-01
2.497307724798980000e-01
2.206035054074191870e-01
2.198294763034893684e-01
1.820043865048951992e-01
2.144611370696408448e-01
2.836903626984720317e-01
3.263190039677807408e-01
1.669477618444269174e-01
3.802765037202255893e-01
1.515060085998015393e-01
1.795264407437042187e-01
1.653055916859437757e-01
1.446382707226425979e-01
1.587829714213855603e-01
1.149282578960607593e-01
7.007093256205322307e-01
1.575565242078879880e-01
2.102793851420713955e-01
1.291894462932975940e-01
2.016665232047867296e-01
1.200078967020576232e-01
2.931472511505072154e-01
2.801319417086621799e-01
1.102049264175334053e-01
1.043895407285080901e-01
1.416846681971939970e-01
4.210060118901612913e-01
9.743843682105242376e-02
1.726981050637273474e-01
1.581680259682372580e-01
1.009043761111235171e-01
1.020072676313253379e-01
1.709262021986164559e-01
1.945679582696575871e-01
1.664369247371914606e-01
1.351986560331697174e-01
8.812300555312219119e-02
9.285678709572067757e-02
1.698260913608783396e-01
9.089078108455377059e-02
7.608691193919911444e-02
9.936549910697944910e-02
1.201153030013218381e-01
6.407495038594239467e-02
9.419474822626359989e-02
1.621243761208968903e-01
6.191127732075241141e-02
2.158277829892975563e-01
6.467584300513172513e-02
1.555963199096679073e-01
1.715852173616972398e-01
1.508750888733239870e-01
1.003245023263681091e-01
1.625877426321553909e-01
1.086070610628711852e-01
5.685947172654750442e-02
6.153349113385352120e-02
4.010965492608903338e-01
7.430087470713089837e-02
4.866172105409129894e-02
6.979529979967501185e-02
1.850606638742661458e-01
2.652253043836609314e-01
4.794847021092597111e-02
7.701139113364179056e-02
8.366037417751931438e-02
5.659414543386125096e-02
7.258622971072274666e-02
1.228801547819065448e-01
1.256289225085203409e-01
9.377890676095912426e-02
3.916617361229735028e-02
6.431308936086160832e-02
1.777044148458395423e-01
4.587555914201691537e-02
1.138637600669409611e-01
3.509052549662912412e-02
3.828293486452436639e-02
4.015177554452575154e-02
4.981875127573630324e-02
2.601563634232220701e-01
8.494720794556617771e-02
3.721923625941863517e-02
2.599608628714759201e-02
1.366242026169920687e-01
3.639722638407778821e-02
1.862437297393216007e-01
1.214434159642701141e-02
5.320895531389982329e-03
1.206540826685575801e-01
6.463202927962023725e-02
1.019300455241663739e-01
8.562709314930959728e-03
8.632281108073450171e-02
3.809851528997953984e-02
1.598028295272261798e-02
8.086985619050751292e-03
2.415721319778091347e-02
6.929704810903503098e-02
1.088867219114163579e-02
3.435414724804904812e-02
5.635381041401732460e-02
1.009871400751157985e-02
8.035942286083007369e-02
9.123424343965243211e-02
1.570927868716507150e-02
6.029234278932535385e-02
4.713616814634407487e-02
9.765864895009120084e-02
2.642359280380758221e-02
1.648947450386834684e-02
2.420329107215003078e-02
1.953292584888744604e-02
1.438633560591484964e-02
2.568777809843071983e-02
1.119343655035008774e-02
3.628091360716391434e-02
1.283036053332674981e-02
1.129002407823065379e-02
1.559794728323369850e-01
1.489412188292511541e-01
8.700275642904158058e-02
3.117526754506622783e-02
1.122537505083908149e-01
4.373530975329981141e-02
6.250389907681649926e-02
6.677141410746713357e-02
1.121482746874643980e-03
3.995407913294667795e-02
2.004995979563892108e-03
1.664060087396202481e-01
1.037695869162211975e-03
2.375929063101492669e-02
8.031882853744062856e-02
2.565793579252323431e-02
4.503777600182245350e-02
1.442386824873938267e-01
7.563953689732880181e-02
1.911413854697748688e-02
2.281984521998264848e-02
0.000000000000000000e+00
2.043609118753596798e-01
3.959319880919287549e-02
1.896405696622701850e-02
1.252570373134396231e-01
1.902214090084790310e-01
3.791306284588352171e-01
2.943011776623916109e-02
8.091232673649245699e-02
1.281448438426892322e-01
4.090052630083109569e-02
2.121061818680713626e-02
3.451330727880894123e-02
3.996555847462589933e-02
8.549653570000270708e-02
8.254780928308760868e-02
8.944278925823333226e-02
1.997973462343595463e-02
2.350986840499080452e-02
4.188598314346877322e-02
3.417103826063137145e-02
2.696495267207679389e-02
4.027686433936902843e-02
6.320992046488257791e-03
2.248184683624887201e-02
2.745690532879840884e-02
3.222360946883272986e-02
3.018239091919215633e-02
3.945050249913949203e-02
4.344158815600381723e-02
6.962360633577782676e-02
8.424916864148199180e-02
2.233954313405930175e-02
2.033674072226594742e-02
3.220243448937783887e-02
1.324844457255158203e-01
1.066522450638920580e-02
6.586609681349819834e-02
4.757114971137861581e-02
3.336566367288238549e-02
3.297984048839892601e-01
3.238643006576730904e-02
9.777376635009644643e-03
7.648829244152657858e-02
9.218208485467468960e-02
2.271955778123185832e-02
9.202463444863205611e-02
1.572926234398691961e-02
1.990800125895386130e-01
6.937073836939774626e-03
3.277693991900382242e-02
5.138316249152860560e-02
5.956792510541371148e-03
4.348129356022931158e-02
4.759352860826587123e-02
1.367101413109407700e-02
5.604183767994937171e-02
5.501110191439742558e-02
3.103359129394603691e-02
1.173673694913230231e-01
4.752563908805847170e-02
2.559138487491683517e-02
1.458361432265345252e-02
8.076698391747556827e-02
3.679240440655643513e-02
1.310249831319150460e-01
2.398093896958048907e-02
1.062291673499515116e-02
1.918556171485820763e-02
3.018163273394199042e-02
8.467862361031820717e-02
8.149204575534695072e-02
2.085680441722672501e-02
2.787567208741429520e-02
2.079738781233613984e-02
4.809384827123500822e-02
4.377144648521690690e-02
1.251942619508196984e-02
2.908173558095977773e-02
3.541519181130865085e-02
2.033165849548355247e-02
2.383508454784240629e-02
1.177258295913711367e-02
4.047853764646806851e-02
1.189064476587457612e-02
1.250086964848738103e-01
4.684616365005713629e-02
6.295896285152114205e-03
4.687873672315424206e-02
1.040654733405102332e-02
1.816093321777136407e-02
-4.794859113222437776e-03
1.522745033653213065e-01
7.225942253531945914e-02
2.338953381023096620e-02
-4.445842422728198129e-03
3.215044594047753584e-02
3.282128260855927682e-01
5.850097906508767986e-02
-9.335888835336540693e-05
2.089918856251831991e-01
-3.059375491989789649e-03
3.881020401751426874e-02
9.756803858709837962e-02
4.527015535620255299e-03
-2.566195118589792348e-03
5.034255533450034820e-02
4.946694023469364737e-02
1.176479206798439620e-01
3.979351966791702666e-02
1.160454446826120339e-01
2.288401944968647406e-02
5.405962517872458378e-02
4.206214460145781681e-02
1.298926477053125583e-01
1.262448646027977336e-02
3.950840874410412734e-02
4.615028686451178030e-01
8.901401850253370506e-04
5.953573475589107183e-02
1.017889568136576550e-01
2.102266297900921496e-02
2.020831589427354164e-02
4.524634380346431034e-03
5.176550624365969938e-02
2.987108295297433852e-02
3.104847311596561563e-02
3.034545896487599731e-02
3.110615715340073542e-02
8.028077408152733963e-02
5.744775328969858180e-02
6.188944887653245047e-02
3.829020033556890940e-02
1.694872603231425273e-02
1.132549895516480748e-01
1.274142003480995267e-01
2.638363372469793369e-02
2.806282061878198966e-02
9.241844918944898402e-02
1.527200040062263661e-02
2.128953662260382462e-01
1.428248408605949961e-02
5.558413494155389073e-02
5.550633933358017913e-02
1.554004609524610968e-02
9.642481713470691870e-03
9.424011295024239954e-02
2.429461526648232783e-02
9.227640018437921476e-02
5.044123463166355625e-02
2.068447216188902538e-02
4.646783904769232441e-03
6.267546375470688103e-02
3.560165717806648700e-01
2.618174390436273091e-02
4.147155990875211334e-02
3.388588332399806308e-02
2.051044313706773883e-02
7.892418255480808387e-02
2.266313089785867985e-01
1.772832762799510242e-02
7.917318178100274384e-02
2.001426170198375085e-02
8.270419528903007189e-02
1.011217811077987257e-02
3.850521269514623618e-02
3.969615358534361871e-02
5.290066564537345556e-02
4.985630560982355630e-02
3.789592501965087165e-03
1.150268406456747966e-01
1.750593570851688430e-01
3.539280405943424634e-01
2.085600655040521084e-02
1.544394197112532174e-02
6.351831152212919496e-02
3.494185401417804204e-02
1.441700653677263355e-01
2.563064257178690811e-02
1.012318716080604954e-02
3.820121985955396426e-02
4.846123884729507114e-02
2.374146624654519672e-02
3.086187667105701540e-02
4.461913989632919353e-02
2.544215458479013106e-02
1.192474066251844080e-02
4.851529830744101546e-02
1.389658928947004081e-02
1.417745255895001832e-01
2.047394716716912089e-01
3.671907145413744189e-02
3.226102795570089110e-02
1.223428797533403084e-01
4.903080895539915079e-02
4.917387182398629680e-02
2.680097858257523072e-02
3.578002982140939675e-02
1.358416955988687724e-01
3.047918885950479106e-02
2.215603139508778505e-02
3.366578504041625730e-02
3.947374216112993495e-02
6.565052460188725014e-02
2.178928278828522538e-02
2.440404932368539850e-02
1.082284114804629993e-01
1.358305399562905261e-02
4.325318633878726116e-02
3.830698506883623705e-02
8.967724588797512317e-03
1.319144295125219968e-01
1.419700257172382823e-02
4.837446722758927120e-02
2.846134538455928967e-02
5.937590922616993450e-02
1.983834158239520390e-02
1.763169950559062560e-02
-1.720823477269554187e-03
2.410359928516999858e-02
2.780833261197018097e-02
2.792148847888122759e-02
4.011571948480262273e-02
7.753378056868094614e-02
3.301194030953433223e-02
6.436321583282575420e-02
1.206961515590115018e-02
5.598437311008466061e-02
6.279695424879980226e-03
1.565583210267545294e-02
1.582278127994558511e-02
1.030954872068647055e-01
3.601843916633704068e-02
2.085597907884613120e-02
1.551695364315701549e-02
-6.265942179515391307e-03
8.178992781233025700e-02
4.104005614163104554e-02
1.506245032451580465e-02
3.055551015054788211e-01
8.367034844450994824e-02
5.269156306825663327e-02
7.178809504989417875e-03
1.429066034142512619e-02
2.904877578373052036e-02
2.432445077696206506e-02
3.646468448591054512e-02
2.258279751542218577e-02
1.316073945216444593e-02
9.089455392743794881e-02
2.239707108073587041e-02
-1.536126762856309443e-03
4.323332737676670312e-02
3.755978378834252257e-02
1.788803654515239705e-01
1.956205615764481168e-02
1.216184736242214258e-02
3.901726517849849613e-02
3.405271113376595604e-02
2.012721295857075945e-02
6.685067611772593787e-02
3.225913381961149212e-02
5.554989755794505907e-02
2.939279452786525137e-02
8.722044940848841521e-02
2.717896126609786051e-02
4.004625590329591311e-02
6.884370245431416235e-02
2.554795511442025518e-02
8.472921729750160225e-02
2.842671990401741261e-02
5.147602389137462264e-02
5.086912114262875928e-02
1.618943410841929276e-01
1.424019514947255372e-01
4.154653404511626097e-02
1.015390818428696905e-02
3.674849387259179756e-02
8.622718848494662081e-02
8.367914663336291359e-02
9.025761071148252768e-02
2.935810215654963140e-02
4.350884533248317726e-02
6.930121273590908459e-02
3.408406728407614716e-02
3.448881402373179389e-02
9.459078910448153604e-03
8.012749053916722042e-02
1.570551751681304592e-02
6.777715130070768867e-02
2.630687399837231336e-02
9.285689877213851307e-02
8.366753426232170429e-03
1.903618198819689855e-02
3.102531105057788836e-05
2.162936224784257205e-02
4.459943833857814982e-02
1.089332187648670708e-01
3.370296221915782247e-03
5.766044424785059935e-02
1.852113903206341061e-01
1.466257698459286739e-02
2.971718106460955432e-03
2.349339680497439242e-01
5.410419243999458477e-02
6.001944718989718486e-02
8.899259610095912321e-02
7.405689946345468157e-03
7.040387154778724073e-03
6.116894731085618930e-02
8.732799685260689282e-02
1.747451744748067248e-02
3.819138523063388135e-02
1.735370920926309138e-02
3.027295350770059512e-02
2.171507690520440084e-02
2.990835986890431550e-02
1.313562377676318407e-02
2.712128816975740639e-02
1.020310918978337145e-01
2.664050335846806020e-02
6.248135344500722367e-03
2.293772975653999083e-02
4.803959677899302672e-02
2.992941183535110725e-02
7.272905220757493183e-02
6.943909897836886280e-02
4.217517123751403363e-02
4.331528604928384235e-02
3.362574394980589326e-02
4.904138686782962692e-02
-4.667751343627662280e-03
1.786257967277189718e-02
1.314235763832644899e-01
1.686019608506455214e-01
3.347188052598061569e-02
1.994251256744890635e-02
7.342221574988886702e-03
5.558503963145981774e-02
2.390084805600878326e-02
-2.480406420519601449e-03
1.491226663660807916e-01
2.451853942741792636e-02
-8.590404719612575526e-03
9.634677478359100072e-03
1.154316147910865696e-02
3.181783202310715236e-02
8.717713821697643806e-02
6.818375317390116576e-03
4.266833013004926040e-02
4.820719384877533015e-02
1.376436756453403298e-01
1.649495573603225115e-02
5.771063076554591026e-02
9.893254340229744315e-02
5.196621383271381178e-02
1.281131644871947271e-02
2.110200290597715118e-04
8.243737685068934506e-02
5.486073968397358475e-02
8.906210668439595900e-05
4.198702555547910442e-02
2.404343864639478523e-01
2.443983675291531987e-02
2.260033528461798946e-01
1.771639324209361294e-02
2.030590894682079289e-02
5.041711935406213707e-02
3.018723643965043682e-02
1.764996523150181434e-02
4.056482026151433939e-02
1.001655074640766391e-01
2.594883425302869084e-01
6.376819573654991802e-02
-1.951029326875098778e-03
-6.820366878299094493e-03
7.698016329364863741e-02
8.017716857862433903e-04
5.046145636098105930e-02
5.878122161720947814e-01
-1.188513435012346700e-02
2.396879057069932206e-01
-1.347367103912876923e-03
2.642214517384397846e-02
3.596151893573588249e-02
9.157037304462171956e-02
3.047250895415548264e-02
4.021319400589831727e-02
-3.007558960828080313e-03
2.900703093549382092e-02
6.467224913600673995e-03
6.014624392365211514e-02
2.642320750056610934e-01
8.004163400225271230e-02
4.574516690794602769e-02
1.424686585219238528e-02
6.246354421989257222e-02
1.372759870276225314e-01
2.305527463121551102e-02
4.389011134903214421e-03
3.440904647659454030e-02
1.089132816045533803e-01
4.851287620164659864e-02
1.252346224709180722e-01
1.453335679326273402e-02
5.391345773784843309e-02
4.368522469288797783e-02
7.489224115269996727e-03
5.058863053831950951e-02
1.089762186976684089e-01
1.180992407285027940e-01
7.180852064450105564e-03
6.602585887117654040e-02
6.340735680371702154e-02
1.994648460784766153e-02
3.391387336932401991e-02
2.278509412728375177e-02
1.457686903299815762e-01
5.932953978541263135e-02
1.372474892202194333e-02
8.757296079033869210e-03
2.777638639366664455e-03
6.292496548460151107e-02
1.588148916159596857e-01
5.636091750401446554e-02
5.425673790560214121e-02
4.462851913339840881e-02
4.780930309435554165e-02
1.333141277245103729e-01
4.005938435130536324e-02
1.818944277939623863e-02
1.327265372971187483e-02
2.030836059640964142e-02
1.575308665635187511e-02
1.229825306460391801e-02
2.904935068749574245e-02
4.417684382625559902e-02
1.104284960171688507e-01
6.854995409865033418e-02
1.353557819873905943e-01
1.161493224152204129e-01
6.344533372545888006e-02
6.323935591020471425e-02
4.117284491293442261e-02
1.823075910741572131e-02
1.946308822002563998e-02
5.687170856511665484e-02
5.861030646516800918e-02
1.063666764349777659e-02
8.026000094753636682e-02
4.991731039439350343e-02
8.386318075418984237e-04
4.408693450934250690e-02
2.511146635859915974e-02
2.845759398326652700e-02
8.147724365301300953e-02
4.863410198102495648e-03
5.983598399113088107e-02
1.182423824658410463e-02
1.407291212263927713e-02
4.786546688907358273e-03
-4.812671118549613838e-03
4.461198059504721015e-03
2.018639944745828918e-01
6.865973249197286632e-02
7.490667641430168167e-02
2.329557764971246225e-02
-8.522716393981331559e-03
7.869223665649859034e-02
1.718217688468014551e-02
1.544191018143442271e-02
3.342061148914215324e-02
8.722505257142579294e-02
6.660889566760862246e-02
1.440307490884760733e-01
5.455880485613799624e-02
6.746494368366461047e-02
1.644637385328395207e-01
1.238227589387083660e-01
2.488931973660998831e-02
7.178958202166772773e-02
3.414618659475243678e-02
1.560903699206581466e-02
2.336883183170770581e-02
1.353177392019088432e-01
2.506720906586923023e-02
3.646444398426904737e-02
3.943989382208792221e-02
9.941369511273476234e-02
7.990209556257074630e-02
3.096137330171621835e-02
1.137734450830548832e-01
1.334799452266829667e-01
7.294040426271408695e-02
5.869304686336988645e-03
6.567352531261261284e-02
1.631535417386181797e-02
2.294894273477096971e-02
3.541810285533766867e-02
4.329729155775795951e-02
2.577062021773392914e-02
1.862653439912041742e-02
1.390367336517147889e-01
1.715636363275419712e-02
1.682985394024168538e-02
2.967679016101708311e-02
3.295367777435175699e-02
3.585872984153611054e-02
4.654480453944633694e-02
1.758590446675625529e-01
3.908171409390007178e-01
2.902574304800158503e-02
6.616424909371071417e-02
3.549211779877167738e-02
1.864457370155870111e-02
9.364375593274826270e-02
5.142512677441882230e-02
3.057513308291989404e-02
2.609834983747304910e-02
7.853368599816729079e-02
5.926556421068185365e-02
2.886643116942515241e-02
7.129788961465839854e-03
1.281170899567730254e-02
8.951235495996255620e-02
4.672838351213784436e-02
1.322000087994182338e-01
3.230198974497743014e-02
9.009351518753448695e-02
8.186107021162640496e-02
3.435792907954836328e-02
3.415083288068815337e-02
1.865546118818174615e-01
1.362363240758439065e-01
4.360650624964894362e-02
6.445542892582237227e-02
1.214488264012905661e-02
5.429678054948028354e-02
2.999897660339410216e-02
2.751484546892270927e-02
4.089703839254985041e-02
1.476887997852939895e-03
3.534264834987177473e-02
1.271048024716680269e-01
1.561139784690667408e-02
1.606723769910957944e-01
7.281751196662808803e-03
3.857201137073437702e-02
3.301659224722586772e-01
1.558511756648413467e-02
4.076358880688471520e-02
2.954991753217266898e-02
1.095375269639848291e-02
-4.736494777686880119e-03
1.525858460197837378e-02
2.472511271395572835e-02
2.052280007788888014e-02
3.326927198282411680e-02
2.758516867410309992e-02
9.704060494491760502e-03
2.676050741031596111e-02
5.529319772745237144e-02
6.581208266102347992e-02
7.764099603038523978e-02
7.256839774924492281e-02
8.753241249514118194e-02
6.917600424127374158e-03
1.484706442497168988e-01
4.527932506737798041e-02
1.092735810789969841e-01
3.210360249338321034e-03
9.478287292188790347e-02
1.044373919552466917e-01
1.146301997782336532e-02
1.775905917602298711e-01
9.778482434026970413e-03
4.078058471387282363e-02
4.619684352253319304e-01
9.706891114318645652e-02
1.057436129160680555e-01
-8.635267074356108366e-04
2.461049753512103283e-02
1.089911071818931571e-01
1.840277884430875088e-01
1.553614524915360564e-03
2.935466068086897695e-02
1.171729848934811719e-01
6.213160522135851432e-02
4.540772739014826281e-02
1.212191379519455686e-01
1.185825279299770330e-01
7.657708230446175213e-02
1.770832525197993043e-02
1.964749498085396201e-02
2.992939628024613927e-02
6.331660703540058222e-02
1.026188229530413006e-02
3.828884109820839682e-02
3.785803044743955847e-02
1.846707614873971393e-02
9.298537457787316163e-02
5.728263714998458461e-02
4.454744368186275977e-02
3.511182750057866009e-02
2.287599200452231779e-02
3.851179032254438417e-02
2.411561853383587320e-02
2.766616953142643498e-02
1.255572581890492534e-01
6.087958477177409650e-02
2.441660186561024973e-02
3.419127583839452061e-02
4.087287587222578067e-02
1.780071621093424344e-03
2.630646411466835977e-01
7.745249572482742692e-03
1.942444616873782379e-02
2.253820266790788548e-02
6.163164776004780715e-02
1.836374213393071608e-02
2.334394628475106037e-02
1.394384868685514534e-01
8.190939483777569252e-02
9.498164757110057199e-02
5.097586344169205592e-03
1.206473170063213259e-02
2.836476771368989791e-02
1.949110077887522899e-02
2.027690810588259410e-02
2.231739050756411866e-02
1.368463892826733350e-02
3.790109038412927123e-01
1.261472993382408425e-01
9.653552885786044480e-02
-9.271512495993399763e-04
3.032512984859821875e-02
8.364529462852296482e-02
1.509837612346838498e-01
1.125848364906030241e-01
3.558206198634000783e-02
2.481622943558022334e-02
3.497123830730374666e-02
1.991270841070211933e-02
1.850862716764193061e-01
2.586163949663707398e-02
7.524193358046485369e-02
1.800962433243602848e-02
4.351868275034741218e-02
2.418973340121681470e-02
1.440045254672386588e-01
2.702455728039963173e-02
1.274992616459440509e-01
4.549535299658372112e-02
3.400256605715210045e-02
8.871728804551176628e-02
7.890105859898221760e-03
4.786981701331493450e-02
3.561423116895068991e-02
1.950386521467628309e-01
8.802754413187335869e-02
5.200096532042160907e-02
1.293133565234760342e-02
1.498558271253502133e-02
1.014477476099003711e-02
6.129558128492521019e-02
3.629967724048442923e-01
4.184686257821233768e-02
6.969157539980909942e-03
3.570216417665279113e-02
9.384172369409671255e-02
1.123980549112501975e-01
5.772679603647999647e-02
3.865464567547877150e-02
9.308942247757323943e-03
4.972806483879160105e-02
4.971534944785353793e-02
1.949263880386413461e-02
3.256276421250271780e-02
4.492625229897705824e-02
2.388226856875615145e-02
3.872902713269303632e-02
9.787438173432823352e-02
4.881089064753571342e-03
1.342407780078886670e-01
1.580614091368156282e-01
4.826357017090245755e-02
5.032907204573553589e-02
1.629620829591520506e-02
2.074754232551409561e-02
6.806974890983956417e-02
6.381295599783484707e-02
2.635557283682858978e-02
3.611397582741460860e-02
1.448340427101493799e-01
3.566661720968835048e-01
-9.003869185495366528e-04
4.792563496401364143e-03
1.309680211547426254e-01
2.627362873884556832e-02
1.930337795536369791e-02
4.309338472858925857e-03
2.953599563420530524e-02
7.451545928786096340e-02
3.299957820609081965e-02
5.724798073102255191e-02
2.593914463315495356e-01
1.327965744209893550e-01
1.206313862397855458e-01
3.766286005319934710e-02
2.403643506444740757e-02
1.430102706059773257e-02
2.755370408498137788e-02
-7.269490525256632439e-04
3.247915143229302554e-02
7.125090606741728283e-02
-4.171016403171724568e-04
3.016872388086822010e-02
3.451048720005812226e-02
1.302764580792057335e-02
2.228299718938968679e-02
1.115792459782263693e-03
4.906552515237428552e-02
4.138869404412937741e-02
7.342542397847724722e-02
2.776590263991554272e-02
1.177773162564355221e-03
4.315387577151669207e-02
6.018505588144623664e-02
5.496144165085153216e-02
1.971236227409464345e-02
3.817860633311615653e-02
2.740075840040737815e-02
4.317499258374776078e-02
2.423710500750315272e-02
2.699207697799758856e-03
7.382968656262660356e-02
-1.134308135113415569e-03
1.011033287554367888e-01
2.069325082493870399e-02
8.714904296452610777e-02
1.021030351125977453e-01
6.676860698002280714e-02
3.105022306312093128e-03
6.133081186479416406e-03
4.230256449491986287e-02
3.787476102955546903e-02
1.621058045552660823e-02
3.450638312307748728e-02
1.654412533600661539e-01
6.790143669860332354e-02
2.103826177296166944e-01
5.192402685164328180e-02
3.939816654171981319e-02
7.909942485484117158e-02
7.234786938294775205e-02
5.837619007451150428e-03
2.140952053686607723e-02
7.676823023117175515e-02
2.968528266573846469e-02
3.138207069718181724e-02
2.771004909312882458e-01
-3.067494430351888710e-03
1.739082584573073131e-01
1.372502984406777371e-01
5.029310660881609364e-03
1.697760681138813996e-02
-4.672536825708861231e-03
3.181686031345420246e-02
2.059124580267822704e-02
2.183771519870226357e-02
1.981793508323314301e-01
2.652618043137187215e-02
4.384945764985351963e-02
3.734135390954565481e-02
7.737046235672261074e-02
6.060704997766009905e-01
1.826070741754867027e-02
1.566527389405174622e-02
1.445665710174131452e-02
1.607262175885521352e-02
1.540685679995204560e-01
1.064056099387987869e-01
3.984438537512961093e-02
1.249788022611871274e-01
6.468164881487349638e-02
2.147426703966741693e-02
4.425062513367514216e-02
5.969361985149518671e-03
1.686527403102401068e-01
9.247920737057676796e-03
5.110106833241310348e-02
2.768479644754535604e-02
1.608139282359146160e-01
8.101422949891054492e-02
1.879746922594584604e-02
3.613664437907638388e-02
1.295721982325542289e-02
9.700695696190710093e-02
1.317765940084550114e-01
1.150712925373373469e-01
3.413958600210582894e-02
6.073163868214728756e-02
1.933052352120065709e-01
1.280695042406128532e-02
3.878290385964346804e-02
4.275049846419140542e-02
1.530363988185992619e-01
2.464445739548900421e-02
2.513683089039369170e-02
1.715729023349472568e-02
5.993539797691610493e-02
3.342111841022867708e-02
5.782114506322507536e-02
4.719344928755451335e-02
2.637632564533026400e-02
6.208570076266435589e-02
3.005003412117442443e-02
9.744834217763106987e-03
1.005677550539051113e-02
8.558546290691214364e-02
1.145884434770440101e-02
3.460066646829771525e-02
5.890879725541840056e-02
1.438644168547948896e-02
5.417377202758816984e-02
1.184172177885011168e-01
2.069421390411125758e-02
7.420957600584865421e-02
4.684665377910617740e-02
1.514765878864936070e-02
3.035811913560670233e-02
5.602815181644910103e-02
8.821508652140905293e-02
9.448519474179403743e-02
2.675284790810064303e-02
6.910978010764200208e-02
5.105170828479348166e-02
5.719287418723008332e-02
1.154388134690945318e-02
6.424426099086227859e-02
2.925096868502417846e-02
1.221023977245742215e-02
3.917170664345698272e-02
7.982410976674556013e-02
-2.163128580931701454e-03
2.213016599304532331e-02
9.530542754323868826e-02
2.951425191897256300e-02
1.427704652393178009e-01
1.428737001286694008e-01
5.271189687773918803e-02
1.612815786134680074e-01
5.897219555821910618e-03
4.497637804623379892e-02
3.990944166039743501e-02
3.768579517655083755e-02
8.584630975498547256e-02
8.906281552144636182e-02
9.663560800840111098e-03
1.171694579281506859e-01
1.390178333329100957e-01
8.635402407921638490e-02
3.065353165625808382e-02
4.825381680698045961e-02
2.668957714876794146e-02
2.423696025082419103e-01
2.986218482022760454e-02
8.503611989911237512e-03
1.365477800573388842e-02
5.151422875198535811e-02
3.970023143173787711e-02
1.907276750406866894e-01
4.144606894416996007e-02
1.259430703314849409e-01
6.424397646037026399e-02
1.664392616778508360e-01
2.497773003212337348e-02
5.194297830318884979e-02
3.916128112553006468e-02
2.535971997456288110e-02
1.173354823578177525e-01
1.744939305897094672e-02
1.220737442793247973e-01
4.111574609448314516e-02
8.846434289656782135e-02
2.143385898549612575e-02
2.598990967741814442e-02
1.056657895686288207e-01
1.671908243517464254e-02
1.347686146017737230e-01
2.790250552837101813e-02
8.741005001326086765e-02
7.017361766891873527e-03
1.645826981731564331e-02
5.155340939719436216e-02
2.674990317989539568e-02
1.498251712828075136e-02
2.397621576620369288e-02
2.232782528739157488e-02
3.939988950903548087e-02
5.242413967540510839e-02
8.240816651354190836e-02
2.792384490297483354e-02
2.480963896169339350e-02
3.334449033647337440e-02
8.258499383569889440e-02
1.814340251712800306e-02
4.459609750436580727e-02
7.745790273798074110e-02
1.034803501276949228e-01
6.421419109049227025e-02
3.369488339517894698e-02
2.399289220979407278e-02
-4.818668589229231397e-04
2.718822191311988032e-02
3.661155061504692276e-02
1.417197281971181166e-01
5.227075942697966687e-02
3.679551098801011472e-02
2.705857405164017321e-02
5.232023192373891352e-02
6.513105555018131598e-01
5.418537751673074138e-02
3.749626656489016968e-02
-1.135548385285849995e-03
5.083352953599871160e-01
6.691020588670784641e-02
5.770608573915676082e-02
3.277654349857925253e-02
1.930360256420182025e-02
6.128915405960261298e-02
4.187031758259781439e-02
2.948908345238935094e-02
8.636939788788083189e-03
1.467933279562215303e-02
3.368514440041865676e-02
2.454623255325574446e-02
6.157508644825731431e-02
6.271747172964275974e-02
2.654223217573458901e-02
9.021996655930210329e-02
-2.230937726343287276e-03
7.028244541924809352e-02
5.405239042711115077e-02
1.098762739622446277e-01
1.144083430515468180e-01
1.507356833519718775e-01
1.170974501402913606e-02
4.286948646536909574e-02
1.465763245875014407e-02
3.210187520972685588e-02
1.461282517892628641e-02
2.811960744426805076e-02
6.624280811005178737e-02
1.338585341919292133e-02
2.056161613724639958e-02
1.919600632730594086e-02
1.605778478163783982e-02
5.161352293736713032e-02
1.239798496117071325e-01
6.169500246168642399e-02
5.541226034892808919e-03
-3.997462961227691430e-03
2.615839365273867415e-02
3.544300135174940219e-02
4.661385216491147759e-02
1.812542025306040916e-02
1.631983066847622274e-02
2.472322201906662284e-02
2.925727873080401914e-02
9.501492132842617386e-03
3.911312763841322260e-02
7.702028273593744534e-02
3.343407832176701483e-02
6.700808819684969664e-02
2.448517796493941134e-01
1.517475901306349594e-02
-6.636929471849581721e-03
4.280799766753490623e-03
2.380761428543947539e-02
3.659307455466365849e-02
1.244127106260914523e-01
1.203002137641836500e-01
1.771440494576425814e-02
7.111398403683064084e-02
1.384375187393128113e-02
6.155821875427582718e-02
6.363705621709470073e-02
3.373695431123016619e-02
2.492463115608130331e-02
4.690341291512636901e-02
1.617840959922277055e-01
3.423108670019167632e-02
2.783095713055891776e-02
1.061128757930926772e-02
-6.770380990961622110e-03
7.009215067627316831e-02
2.677395694885087996e-01
3.815446552745579978e-02
1.264160357560205339e-01
4.400160179301364216e-02
2.235188048402615146e-01
1.697247267630284107e-01
4.067512981994386018e-02
4.857746058049011717e-02
8.250000917726990624e-02
2.826893526223762942e-02
2.799985606062686122e-02
1.895360540506434502e-02
9.851212206685612885e-03
3.324003501567295016e-02
8.662674358638671260e-03
1.363474966276776723e-01
5.827867610222599304e-02
1.040239012732686458e-01
6.851568400466162556e-03
1.419376548319094822e-01
1.744734088136510319e-01
1.002745670121914928e-02
1.522417788965314996e-02
3.376760817890327171e-02
9.551609436002751752e-02
3.859552077640930612e-02
2.916288128254452064e-02
5.796785322350672676e-02
1.721343647717460054e-02
1.383846153791700763e-02
2.822252467702980605e-02
1.959542385738750545e-02
4.670969050952257506e-02
4.721240465239654599e-02
1.564765922171780510e-01
2.647660103945924034e-02
1.590781855113952981e-01
1.614000415010298853e-02
5.755863099311231412e-02
-5.850423239742261194e-03
2.139728353289399240e-02
1.853251499522917862e-04
1.397162089122847180e-02
2.710741025319251055e-02
1.005792671523206283e-01
1.200552696365795036e-01
7.471654818312885304e-02
2.205770900967487375e-02
5.046909162970920210e-02
3.001970170927624124e-02
4.425717007627408967e-02
5.218367003968764350e-02
2.295465173551589771e-02
2.373935394577821739e-02
1.077359464957878682e-01
1.033254304085223507e-01
3.848198497922369898e-02
4.472137897026653638e-03
1.828200074149813770e-03
7.505435392536408297e-03
3.150645918900625564e-02
1.352698789769081478e-01
1.289801471591996151e-01
-1.562785241109934881e-03
3.898211879093060449e-03
1.052627430655572738e-01
5.171653474156896746e-02
6.654641347930623230e-02
2.935958312792668820e-02
6.911303036245107327e-03
7.542082644725403573e-02
4.056275016185612731e-02
1.833315183722688535e-01
3.107270248801910842e-02
5.384330837806758363e-02
8.066549514825775702e-02
8.533400446439186326e-02
9.099200587113194863e-03
6.919315507514404301e-03
6.173353860893718292e-02
-2.904510481076233008e-04
2.896634350368960248e-02
8.294956876753456498e-02
4.351674559184772612e-02
4.089624780269601745e-02
4.705912102915984357e-03
1.323533991111897588e-02
2.621709944825122846e-02
5.277657567126033122e-02
3.156782080029580523e-02
3.653356219846736613e-02
1.106012353892718708e-01
6.576265372380778185e-02
1.904620503957619310e-02
2.494857080373039798e-02
4.925270191048646690e-02
1.668636488485601421e-01
2.890574030216445239e-02
5.665196385813995456e-02
6.078536937905921166e-03
6.063906616847943715e-02
3.441191667251652930e-02
6.515305908794497003e-02
1.006708178204126503e-01
2.099406503829448142e-02
9.097883199630169004e-02
1.278110071019636709e-02
3.948001789174548221e-02
7.036226343539866285e-03
4.339321532967911621e-02
-5.090763884012764352e-04
8.837180880012518447e-02
-1.621853869795932034e-03
6.793404267958518504e-03
8.969140347012365122e-02
7.468200649931167057e-02
6.678352952948120834e-03
9.378743795341176748e-03
2.776669247174550284e-02
5.864640949210526283e-02
4.361253143977651681e-02
9.254616998142095596e-02
9.204885599875781144e-02
1.082164602042920004e-01
6.429619799729295593e-02
1.352283410178866004e-02
2.454435516096543143e-03
7.934759692805609665e-02
2.208376823456303581e-02
5.761567864991102433e-02
3.121898263460818820e-02
7.369726926612804596e-02
6.353305147930826680e-02
1.046005742854475423e-01
1.845643507247853379e-02
1.417157030971931131e-01
2.657929166737454940e-02
4.207943113723116441e-02
4.764925483711710159e-03
-4.397101936546611578e-03
-8.769598351381666795e-03
3.204130000793511263e-02
3.972687329144480861e-02
1.221402614850658312e-02
1.401250710521997900e-02
2.500514312210322734e-02
5.825526691838759374e-01
1.204760785294499703e-01
3.990886420423480074e-01
2.914107202309872968e-01
4.312960621575170211e-02
-4.341377852811068722e-03
4.000425478480765934e-02
1.713830476241587353e-01
1.591136478702987345e-03
9.376481765744827668e-02
5.189154572301043350e-02
7.924739928869713873e-03
3.261062284678494546e-04
1.614107278336254087e-02
7.618038630053408644e-02
3.249171897083871080e-02
2.894509317955806793e-01
1.036238371603466074e-01
1.633990727194339909e-02
2.932891292820963627e-02
5.435202847493605244e-02
2.496514342155117805e-02
3.689050439140825199e-01
2.386584614380150154e-02
2.740517960589721261e-02
1.871768369820114158e-02
3.251009884469861777e-02
7.007047568123149495e-02
2.373563793472127995e-02
4.646492288877124982e-02
9.961138939701288594e-03
1.943223667358733378e-02
4.278154871958549099e-02
3.553901527485411622e-03
1.511706023702596470e-02
9.814342486243245178e-02
4.774223042722489790e-02
1.183390540008247629e-02
-6.345105254876697845e-04
1.167095589377130805e-03
1.346601722925281075e-01
3.740802209006327539e-02
1.146728812828363628e-02
2.643898167531305576e-02
1.465986741874893140e-01
6.683027419169323968e-02
1.449872995644731766e-01
7.088361874544878150e-02
9.111310873258375576e-02
2.238188965255359930e-01
1.079927625116023499e-01
2.744602668978139010e-02
9.793779237480720878e-02
3.854156447833540639e-02
2.377779627449704003e-02
6.540539500482689395e-02
1.248659305372753700e-02
1.495489750899152981e-01
1.187244475812024649e-02
5.036483159217138711e-02
3.773454993773250887e-02
9.851850041009950487e-02
8.603339668755666941e-03
3.114609898784080622e-02
3.296223426287680364e-02
1.611097045960421456e-02
3.111909701571338727e-02
6.683034490258334126e-02
-5.381193291293802708e-03
1.182238290762427715e-02
4.797645298041095657e-02
3.509366233356745607e-02
2.904811754604411447e-02
1.289022753869858116e-02
3.334659482876571601e-02
2.290241552494822960e-02
5.742984670493189725e-02
3.961888859329895651e-02
1.389023679603537849e-02
1.170332611198977302e-01
6.141428433557426236e-02
1.428466780431611460e-01
-2.166460496764193843e-03
4.453513499783789097e-03
1.813834844497745624e-02
2.672916682533372015e-02
8.475091943982912546e-02
3.058209498286615022e-02
-6.296169410492628501e-03
4.060450177378592540e-02
1.433476874328807119e-02
3.445041254566403449e-02
3.113932509304782534e-02
3.684272061704072648e-02
1.303102351033541828e-01
3.086947229729868070e-02
-2.643888287112869558e-03
9.882253999339786835e-03
9.467847108013361865e-03
6.854594764069923962e-02
6.545251419841570384e-02
1.228966255521625750e-01
1.217739623765977802e-01
5.801432996339813200e-03
2.615609829337016759e-02
1.408869439986087414e-02
2.001607229839553678e-02
6.016400340128677526e-02
2.828287059031598868e-02
8.209654257639116895e-03
8.809296469952719588e-02
3.083594363230328095e-01
5.969935940584889661e-02
2.139366200459370815e-02
9.478696092500642212e-02
1.346875415942900764e-02
7.726526686452486270e-04
8.894336451976927321e-03
1.640530892313754596e-01
5.031830863780020063e-02
1.515391722678237525e-02
7.481896756160398565e-02
5.617409754227357249e-02
8.149627479542585762e-03
2.841279008043016141e-01
4.501956402053321898e-02
-1.976565498443079785e-03
5.485595706271906985e-02
2.318379067290773574e-02
5.875830830641821934e-02
6.964353281294455300e-02
1.951995428757145323e-01
4.533128183699897291e-03
-5.488319833883804205e-03
9.443933577797318513e-02
1.882005278768427228e-02
4.403905905295638773e-02
1.090078570962178112e-02
2.383998541122544709e-02
8.363275255490176807e-02
3.811864375856856280e-02
3.119222944147754042e-02
2.846254971613659465e-02
2.668001103231857143e-02
4.056341710473795881e-03
1.328621772602473460e-02
1.101728852005976270e-02
1.361896528935508943e-01
1.817067036633052829e-02
8.847211151267870416e-03
3.666780194779909602e-02
6.486048394100368819e-02
2.670964170621488096e-02
-6.850301759808790150e-03
2.259461796481446877e-02
3.472473075270854359e-02
5.576165503235094162e-02
3.946573146555772127e-02
1.498424157108281807e-01
-5.780070007333854010e-03
1.348329509368897602e-02
2.426942121851856371e-02
4.759095779034604179e-02
3.226136536146653744e-02
8.851906807635526175e-02
1.484014503837089924e-02
1.813723530549168905e-02
7.300647392992276608e-02
2.158545363607694730e-03
1.935132003579060136e-02
9.449494888849112317e-02
5.902134819264563377e-04
6.400299774335019287e-02
3.908498904230717913e-02
2.422958001176567233e-02
4.161177974440275623e-02
1.095540573287959174e-02
2.955495489561164174e-02
1.214954231582257849e-01
8.988375316231132783e-02
1.074785413235267578e-01
1.257327297684997791e-01
4.754938908675472586e-02
5.053096926786469073e-02
2.713775812824534839e-01
2.066237099098219843e-02
1.451025250955102486e-01
8.215123914363638147e-03
4.434615822121796419e-02
1.548567484490798174e-02
2.170735251721199743e-01
6.942815118242066930e-02
3.553356663921196368e-02
4.031866956670974167e-01
8.740661104808264414e-02
2.411749979045963929e-02
7.949134302632539228e-02
1.002015763183725441e-02
8.451079265903816556e-03
1.459055935809465965e-01
6.077739592064349688e-02
4.313827361991178222e-01
3.467518721334648252e-02
2.946381620054016465e-02
4.344984568761162819e-02
1.317649068923785680e-02
2.744708498827018450e-02
3.316507224470963827e-02
4.100554896666704779e-02
7.293111901471366343e-02
1.721558418259661882e-01
8.993387952176792877e-02
1.660714218877856752e-02
9.589589907699339055e-02
3.407128131817040856e-02
-5.648509539999207150e-03
-6.410645670778902881e-04
6.776472599946700356e-03
8.006755689612765625e-02
1.285431880240208401e-02
6.315280741054267455e-02
6.579026131378920561e-02
2.790926666775708082e-02
3.872657660959581000e-02
3.598921421139165966e-02
9.707122471013773790e-02
3.248045677037982720e-02
4.891100958788580783e-02
1.839521248510740670e-02
3.844095114456802520e-02
6.749367883869249749e-04
4.163233496152235480e-02
5.891411931935983115e-02
3.236894520425357552e-02
1.264072754303893905e-04
4.463450103516224815e-02
1.460977719465538817e-02
1.063631489085172660e-01
5.266711176471726430e-02
4.185343341942586448e-02
4.633787149014829271e-02
3.349071802205268265e-03
7.876144242555978281e-02
1.168087750301803618e-01
-5.340630140955520766e-04
1.210970107460387218e-01
2.405097422495350648e-02
9.608622077114348584e-03
1.037515086992703978e-01
1.988633638629726252e-02
4.107752766938130989e-02
2.549641844332790203e-02
4.882390359562107859e-04
5.698389955240065752e-03
2.471671415496933533e-01
1.775071344917586447e-02
6.246009843080531018e-03
1.819348850354877284e-02
1.864365796980710019e-02
1.360502959573208805e-02
3.262289161572790724e-02
6.722606632491569256e-02
1.563242525430644791e-01
8.528747286860273100e-03
4.350435441900377120e-02
2.178325351271940755e-02
8.689747203759690813e-03
1.502951099493481657e-01
1.390608167194281042e-01
1.346345066886011910e-01
4.797759690505743607e-02
3.342520227481405870e-01
3.078927114253060537e-02
4.122457727376858255e-02
3.477351328227343275e-01
9.484768434151745128e-03
1.271980474726373822e-02
1.669037169406691334e-01
1.304690289330724950e-01
2.116317876327252628e-02
1.196583954094670131e-02
2.441851746220640440e-01
1.712045260116110690e-01
9.420440110292065128e-02
1.900903145344224887e-01
7.414577578854299189e-02
7.995810372842183933e-02
1.356539312473273307e-02
9.779683690083999445e-03
8.013079845548805313e-02
1.075084428168081585e-01
3.278581096380667192e-02
1.413004545296399350e-02
3.046220627493950728e-01
1.774749633295749640e-02
1.044277328103829401e-02
3.079333170984772938e-02
6.552081156629696590e-02
3.980112928742172984e-02
2.316999488593478596e-01
1.264444442318080064e-01
1.500675733011601343e-02
2.469466497463298355e-02
7.938527038917943257e-02
2.197851129988078467e-01
1.415140776831655921e-02
4.505673735271702868e-02
2.408517915891223576e-02
7.074014469065549593e-02
1.890219459919604411e-02
2.390611727706797723e-02
3.072614985535394513e-02
1.419563406786225890e-01
4.584542931500541069e-02
8.615199323053737701e-02
4.826342414837959255e-02
4.197591142004460790e-02
8.287072583469345943e-02
3.183396154805041151e-02
4.516721764620064417e-02
3.939413208690564078e-02
1.158700355803890395e-03
1.163541835551129278e-01
5.700265710251270490e-02
4.961308427075002137e-02
9.602381647033950141e-02
2.355116400660140982e-02
9.059757597875359170e-02
4.134394993150365336e-03
4.222514575708262441e-02
4.525832467561822364e-02
1.930170181020982034e-02
4.226649608305855371e-02
1.572665752611876119e-02
5.396323929338840003e-02
3.807955542683852390e-01
2.722268466200231662e-01
2.891857219016389854e-02
4.242129399230454290e-02
2.058788177643938386e-02
1.082073789764874394e-02
6.395513837139583588e-03
1.333466179341286639e-01
6.561424562877850308e-02
5.214728884114228774e-02
2.499036704400238104e-02
8.936561761203548615e-02
5.761298919156962114e-03
3.463685089527062527e-02
1.111709221904311484e-01
3.162188273223923152e-02
3.997498928868312151e-02
4.346947050240020094e-02
3.981811970779599447e-02
5.737108824545242292e-02
4.776166951075082323e-02
3.432590357966379402e-02
7.317066365068898570e-02
2.198054191984739059e-01
9.463847215046127664e-03
1.747569803030258814e-02
2.398961897619233258e-02
7.897431439809327047e-02
2.733385556836924121e-02
3.729732749670112979e-02
2.305745796961017682e-02
1.008927064366924552e-02
2.065804446389345878e-02
1.372553247322715608e-01
5.639279312494603624e-02
6.530831915141016748e-03
4.432743882612308339e-02
2.526360735180662592e-02
6.341595731970006526e-03
2.751153258005609725e-01
1.416206468550318398e-02
1.523579968046840649e-01
3.592808138351688552e-02
2.066514857626469692e-01
5.446049226346343086e-02
8.626909475569098651e-02
1.594555672943882840e-02
3.770816000741825103e-02
1.819006249927104801e-02
4.660274753444045015e-02
5.178079849798941647e-02
1.086214190124835666e-01
3.767083298062021829e-02
2.234469841241116042e-02
9.585985189413505358e-02
7.207292888825375839e-03
3.948626700198152317e-01
5.357760446023571849e-02
1.145311919417936995e-02
1.914186524720082327e-02
4.948629625413831362e-02
1.828444711090302169e-02
3.044932001761900542e-02
1.722847466287369747e-02
3.202972861273136601e-02
2.471087389135472046e-01
5.444838843931217726e-02
1.201751065766715892e-02
2.750973722854949382e-03
2.917841773579477396e-02
9.515755896096805139e-03
4.114371387492389565e-02
5.396327832740883956e-02
4.590581768034092403e-02
1.795108757046863512e-01
1.246186976607654810e-02
4.428286464808741003e-03
-7.871153378295123182e-03
8.810515221907344596e-02
1.129001890507281419e-01
7.597655656752980158e-02
1.173980395525358877e-01
1.510350808182244209e-01
5.785692147834740375e-03
5.910699523696794772e-02
3.365124612895105394e-02
2.522940935348020886e-01
1.397946478884366968e-02
9.903191953960081492e-03
5.691015920518717186e-01
1.433361981287247233e-01
1.067984101878694941e-01
3.131928718072316681e-02
7.875557250164590128e-02
3.422069067044779256e-02
4.467959374070196860e-02
1.094992593844826972e-02
2.228129181201126546e-02
7.768562430249897899e-03
6.794065829012403690e-02
3.184503304989307754e-02
-2.356241676443591917e-03
4.513523089327222543e-02
1.598755000188892619e-02
1.887902823961919857e-02
1.705754259830967109e-02
1.121393844198982637e-02
4.861449200344330340e-02
3.039341613816417056e-02
2.716588275645006600e-01
9.203819399329536688e-02
7.108926600429504861e-02
7.012701905916346456e-02
2.489355653598469137e-02
5.417043533941693495e-02
7.204617948027415564e-02
5.997680988202388347e-02
5.340292673757150721e-02
2.864706283541524345e-01
3.235254249300310858e-02
2.018758332045538298e-02
1.848453541844412990e-02
1.519038469054538772e-02
2.800790306922708653e-02
1.168953708056841706e-01
5.261835521852478020e-02
1.159030942304892405e-02
1.368904811724902700e-02
8.536365850780056053e-02
3.544372846835697113e-03
3.232550713669123804e-02
4.082964428433497051e-02
4.197237443726532444e-04
7.078667939510033258e-02
1.555928459604360992e-02
3.348080033165623526e-02
1.376921664268975776e-01
6.292476342915914733e-02
2.810118015299273297e-02
1.620778016963909385e-01
4.823156555783375543e-02
1.256893782898766410e-01
7.843267981589797933e-02
4.566837670071580146e-02
8.064650885813975933e-02
1.469027448070615860e-02
5.577471649050392416e-02
-1.208383925793351556e-02
9.914170187801697731e-02
3.142617527471473771e-02
1.148508815794990062e-02
6.450229251650757556e-02
2.717854876959227908e-02
7.238754669061729652e-02
-7.555147180471689580e-03
4.484172903978589364e-02
2.804677529475656239e-03
3.075433081667016885e-02
3.960925026022559664e-02
2.608694770355536943e-02
4.652182402896429952e-02
6.653166371181926109e-02
8.794791776312713485e-03
2.822942620338158778e-02
1.468614719132182445e-01
3.272227163141293305e-02
1.867588754006854063e-02
3.955249800972362312e-02
2.815275223525088091e-02
8.273255486461345010e-02
3.350681365781900400e-02
1.331155833936640831e-01
5.048172298795274709e-02
2.748577740425600657e-01
3.958194586109364810e-02
2.272286249028737382e-01
3.192006979839849545e-02
8.579417482608087120e-02
