-1.000000000000000000e+00
-1.835714285714285632e+00
-2.231976429024725928e+00
-2.754457589414491370e+00
-3.016359490497775742e+00
-3.096418545437664704e+00
-3.324773489493066059e+00
-2.030402334002408882e+00
-3.705662535703696303e+00
-3.577369562276155879e+00
-3.776856483622172522e+00
-3.879284900411402504e+00
-4.303444979050830455e+00
-4.467573700191499242e+00
-2.983790602371929168e+00
-3.628472153630438068e+00
-4.615986172603566473e+00
-3.852899445289815539e+00
-4.378129686349869765e+00
-4.663992862483739010e+00
-4.571855238514805464e+00
-4.127980312897970627e+00
-5.041568161281424487e+00
-4.396357936228466379e+00
-4.973546819958773568e+00
-4.560621577349931677e+00
-5.261532462574733948e+00
-4.788482371992511588e+00
-5.097674633731655192e+00
-5.231149989560115898e+00
-5.216763497057457677e+00
-5.449844570434365210e+00
-5.467046811357141323e+00
-5.730601788598070456e+00
-5.411294763534065133e+00
-5.550821865469804273e+00
-5.521090517550452326e+00
-5.845509978316789201e+00
-5.721836112578259304e+00
-5.747342805310054814e+00
-5.360863287396257171e+00
-5.145282023719183861e+00
-6.024339969522519489e+00
-5.279250894634614610e+00
-5.901368371841518190e+00
-5.874674360118160799e+00
-6.012403249137494576e+00
-5.918999842027844238e+00
-5.994110087908671503e+00
-6.173923651404015445e+00
-3.662343862922221138e+00
-6.162501783717054593e+00
-5.991707460211963543e+00
-6.050089433464399313e+00
-6.051366829876178244e+00
-6.328425752527060411e+00
-5.398334615651981139e+00
-5.997390568812609679e+00
-6.420537812534042210e+00
-6.372717425036659833e+00
-6.372966673149003114e+00
-4.365049329758093677e+00
-6.609025644995132787e+00
-6.292795883652924083e+00
-6.305589506874484940e+00
-6.606615232159370521e+00
-6.413780213756062665e+00
-6.192301449192722629e+00
-6.395986792049927594e+00
-6.278369011562622504e+00
-6.495003723382137828e+00
-6.498984805039855317e+00
-6.569193080244450478e+00
-6.208082067860730469e+00
-6.766135912995316026e+00
-6.693608768598909187e+00
-6.496699588094818623e+00
-6.521912243550262112e+00
-6.800089645965234020e+00
-6.674735703368633644e+00
-6.406458216668277750e+00
-6.918776909246651563e+00
-6.253502185517712419e+00
-6.953426096459183192e+00
-6.575871579740808492e+00
-5.987261429303673665e+00
-6.467029910385138081e+00
-6.562027638066164847e+00
-6.847572873561475149e+00
-6.798938397694739066e+00
-7.144359905084499474e+00
-7.004439366984652082e+00
-4.997634526330494431e+00
-6.923992959976532191e+00
-7.025033070948012437e+00
-7.013858485120747055e+00
-6.231733167510555838e+00
-5.227078680285407231e+00
-7.195082830371521077e+00
-6.997303498926788379e+00
-6.825392810332293614e+00
-7.058892079219581284e+00
-7.158038774962402151e+00
-6.541658527523103395e+00
-6.726605736602677688e+00
-6.747227336419472365e+00
-7.220521507559415575e+00
-7.011564819931856540e+00
-6.606227643563651775e+00
-7.228185078577530120e+00
-6.905002382880167211e+00
-7.260556676779076568e+00
-7.354977317159263173e+00
-7.403322288978301913e+00
-7.225952159698993071e+00
-5.840892035527128101e+00
-7.150250532643778634e+00
-7.516187401488519271e+00
-7.394567537776081778e+00
-6.936206162196187464e+00
-7.387269494485144250e+00
-6.220444685544260999e+00
-7.375222108665751009e+00
-7.590036730570461465e+00
-6.732971148020274299e+00
-7.110461039499198499e+00
-7.366418985035316780e+00
-7.508323585946027556e+00
-7.135816881218425500e+00
-7.303324392536876708e+00
-7.612920330347752618e+00
-7.604230825080755096e+00
-7.487511615602627124e+00
-6.955567500828359506e+00
-7.473739378336654582e+00
-7.305456850267622038e+00
-7.061096729460635935e+00
-7.590591366311255861e+00
-7.209735268343966830e+00
-6.909090561956682031e+00
-7.405084318634404639e+00
-7.353956496895991179e+00
-7.177059921178003954e+00
-7.438513769023143318e+00
-7.373644833765474083e+00
-7.534108736102047565e+00
-7.550733243908502423e+00
-7.498002605566459700e+00
-7.554326411846250089e+00
-7.384431697512625625e+00
-7.552353998159526682e+00
-7.472694266601675572e+00
-7.546318391984873308e+00
-7.456310390004567523e+00
-6.287951561472505446e+00
-6.217865222168743600e+00
-6.612191651258921610e+00
-7.221741471086919439e+00
-7.089988054345765178e+00
-7.533426520998594889e+00
-7.237915364973439125e+00
-7.265895330822847775e+00
-7.438901568062921577e+00
-7.364916480801322329e+00
-7.493180845385826849e+00
-6.317183302854605387e+00
-7.552765874262486356e+00
-7.487280828017509826e+00
-7.012267696957979801e+00
-7.545018963394168665e+00
-7.626504315892394636e+00
-7.124896675459006623e+00
-7.133668359410868298e+00
-7.370723695001936804e+00
-7.512619001463235691e+00
-7.615964270808725622e+00
-6.455305058972537147e+00
-7.302764448173734380e+00
-7.311635889682165157e+00
-6.868636431293796640e+00
-6.598780296961058056e+00
-4.873696987690727234e+00
-7.431681561105796696e+00
-7.144656012931983824e+00
-6.753804231816836534e+00
-7.362317150049481285e+00
-7.372254086795755335e+00
-7.037223471460436031e+00
-7.324497482680503602e+00
-6.855676783599470525e+00
-7.095967794425795283e+00
-7.063268197668581827e+00
-7.521982894455844004e+00
-7.327042041032250985e+00
-7.434593259386956809e+00
-7.352373010056763469e+00
-7.503053919707152630e+00
-7.328303882503399258e+00
-7.525020812916009660e+00
-7.402524473389774151e+00
-7.498558488267570432e+00
-7.462780065418728626e+00
-7.550235329550790908e+00
-7.405427746969825087e+00
-7.519007178921456536e+00
-7.269917704933221536e+00
-7.148816196560035863e+00
-7.407136437603253576e+00
-7.470434673304486850e+00
-7.452775242797068600e+00
-6.484224447272806557e+00
-7.403512626797214224e+00
-6.628190507994062841e+00
-7.287566650072188956e+00
-7.315003946871631690e+00
-5.263804127973440217e+00
-7.455089388288619112e+00
-7.467162904929580236e+00
-7.090105174446311942e+00
-7.119603153360840153e+00
-7.534710840106028762e+00
-7.546091899408366110e+00
-7.559454922171569002e+00
-5.715965231033193206e+00
-7.548354095337328928e+00
-7.351639500781089076e+00
-7.538551158313571143e+00
-7.495964252623882551e+00
-7.386159901252787208e+00
-7.310009280773255291e+00
-7.653756374378856364e+00
-7.256172054215683787e+00
-7.443076198130909482e+00
-7.311051541321546665e+00
-6.993740857242336517e+00
-7.008533598333672288e+00
-7.395928586776345348e+00
-7.480323953146278626e+00
-6.656294992459690363e+00
-7.058910202452518767e+00
-6.998991825675615175e+00
-7.351711986808338928e+00
-7.382400813144938567e+00
-7.587766344688379405e+00
-7.466553409735802838e+00
-7.549954311152371922e+00
-7.380308415302328839e+00
-7.489871582856592269e+00
-7.543745786152372013e+00
-7.362249564090320497e+00
-7.355163678612393952e+00
-7.273557850539142500e+00
-7.592840457389452347e+00
-7.438256846755749052e+00
-7.443582332556555770e+00
-7.371541387397314793e+00
-7.310962535410449270e+00
-7.516748463805215330e+00
-7.605653648669538747e+00
-7.491740432671812222e+00
-6.804624710522870323e+00
-7.004520842653680468e+00
-7.495331427159994675e+00
-7.361205007257061617e+00
-7.488600975110052183e+00
-7.469236588664388776e+00
-7.584338956120608266e+00
-7.197733976674308032e+00
-7.024809231592430869e+00
-7.417588867831619304e+00
-7.609670878993467724e+00
-7.686418026490053457e+00
-5.625610661555391800e+00
-7.415459749759382824e+00
-7.542703506816106795e+00
-5.882048084744827321e+00
-7.642398618813711408e+00
-7.376429709805623958e+00
-6.814444625662385846e+00
-7.566803136152710607e+00
-7.534504042752309338e+00
-7.525050902306253953e+00
-7.375919197244431125e+00
-6.927924715659427690e+00
-7.388600934064352366e+00
-6.747383289153463970e+00
-7.329206730701673500e+00
-7.193909340938437147e+00
-7.362443762127197644e+00
-7.008151363542237888e+00
-7.399286213960265535e+00
-7.304300542941719598e+00
-6.068680229473332410e+00
-7.618846371776101023e+00
-7.124045655539766209e+00
-6.731125035094777331e+00
-7.531035739427641040e+00
-7.339478669917800069e+00
-7.566448595594563287e+00
-7.405258877676913265e+00
-7.390142177177017047e+00
-7.301261161353407303e+00
-7.504854825507800697e+00
-7.414870543927286839e+00
-6.983948591906046666e+00
-7.097787459984481018e+00
-7.419271759905455177e+00
-7.465166474065847879e+00
-7.472514240549246622e+00
-7.033649491691070565e+00
-6.645301907844287648e+00
-7.319528274165510773e+00
-7.598439513604628992e+00
-7.043702577764837436e+00
-7.561859300210699075e+00
-6.997674584957445987e+00
-7.420994103835463207e+00
-7.368942469572735909e+00
-7.320093605359322630e+00
-7.586899107828755540e+00
-7.584537597091117966e+00
-7.080800742429428141e+00
-7.372768901470984737e+00
-7.197728124117939608e+00
-7.299916150231849699e+00
-7.343901436810166494e+00
-7.495284737003260034e+00
-7.210549646077859087e+00
-4.729097689207264921e+00
-7.624233489244335971e+00
-7.533447283066318612e+00
-7.350232184469707164e+00
-7.403007893274073936e+00
-7.153605433831164540e+00
-6.406853906011422239e+00
-7.342053173742525196e+00
-6.972093444717304855e+00
-7.507611112402432063e+00
-7.120310867701040713e+00
-7.477500883147820687e+00
-7.151438841101901644e+00
-7.317656896198187155e+00
-7.306500924490599402e+00
-7.087008286432481263e+00
-7.507760445554700901e+00
-7.176629337603574577e+00
-7.311941537038650019e+00
-4.726478245563535907e+00
-7.466338106128928231e+00
-7.649933136393633148e+00
-7.209949501449529841e+00
-7.228041043766113560e+00
-6.764057196925765680e+00
-7.482486987597592787e+00
-7.627196178673429472e+00
-7.429498340569256953e+00
-7.546612540904832578e+00
-7.470249831096264614e+00
-7.432865544191138873e+00
-7.529384550281537969e+00
-7.291077945330068033e+00
-7.487959202835111405e+00
-7.452933351945408624e+00
-7.537394321704849354e+00
-6.822809871389718950e+00
-6.105193775114936550e+00
-7.293487166664820442e+00
-7.361219645200837824e+00
-6.479074664628138081e+00
-7.322538131696439301e+00
-7.031826712317212014e+00
-7.504678831516092608e+00
-7.279345210808108035e+00
-7.318182111700507697e+00
-7.400970549248772734e+00
-7.408415199374259963e+00
-7.272967598059499217e+00
-7.328347209163172948e+00
-7.076559227071895997e+00
-7.602836564647636131e+00
-7.415329321540756524e+00
-6.866615972475928587e+00
-7.544390819903902923e+00
-7.486922774873464803e+00
-7.591988216182983251e+00
-7.529961051524133531e+00
-6.640015898649544113e+00
-7.373266788639204705e+00
-7.394296230126703229e+00
-7.349798322359116121e+00
-7.356187337544715099e+00
-7.423365453146927528e+00
-7.398413866718827059e+00
-7.645582734292106331e+00
-7.397802064186409510e+00
-7.417070341726216931e+00
-7.570962973895585257e+00
-7.299258393768017328e+00
-7.225089843686228086e+00
-7.477156896003775977e+00
-7.245676072629158249e+00
-7.537741452813924603e+00
-7.433963512388404027e+00
-7.540806127164187522e+00
-7.477365894198671370e+00
-7.667217074666231369e+00
-6.887412909466734234e+00
-7.541144281920854731e+00
-7.472060639198285337e+00
-7.420276693517132927e+00
-7.543712335342714681e+00
-6.970296950706303285e+00
-7.237399713557138625e+00
-7.563455982714842207e+00
-5.798137591199933105e+00
-7.129539958791927923e+00
-7.283270444128482346e+00
-7.608045947912957629e+00
-7.492668466816649442e+00
-7.325048146384825820e+00
-7.512653199086732236e+00
-7.445630030591222415e+00
-7.442829493952826780e+00
-7.431611628493260291e+00
-6.838450068560591788e+00
-7.632189087977069519e+00
-7.600985126535255709e+00
-7.439110214912965091e+00
-7.273901104951872476e+00
-6.839128354808230448e+00
-7.557425294155732942e+00
-7.428351510304523231e+00
-7.606534866652607363e+00
-7.309947801859763672e+00
-7.349035021459844330e+00
-6.931074706019454190e+00
-7.268304576133711947e+00
-7.323376327426386112e+00
-7.377623041723701647e+00
-7.207185772858699657e+00
-7.512798741275680037e+00
-7.367388700164273274e+00
-7.203511379179618146e+00
-7.416085365477137259e+00
-7.245435636686745617e+00
-7.232150012913511894e+00
-7.052918223536080333e+00
-7.483663887045408636e+00
-6.349975473420669481e+00
-6.545269459615733254e+00
-7.357279390246601380e+00
-7.550151937152434378e+00
-7.455465966095208508e+00
-7.329207794963571665e+00
-7.071325775683332537e+00
-7.079193623165158655e+00
-7.498271022502369654e+00
-7.440921151108288889e+00
-7.055416730929978009e+00
-7.425608097394245100e+00
-7.444524776633125285e+00
-7.552867495445421575e+00
-6.885123130457692753e+00
-7.445514636116905116e+00
-6.680190174286856575e+00
-7.484682844854333439e+00
-7.289096627568102171e+00
-7.532003724981229276e+00
-7.340980975338056602e+00
-7.643267019235310933e+00
-7.362181329506732652e+00
-7.510530620745055508e+00
-7.173975106341396568e+00
-7.553087579047046418e+00
-7.161408151758825724e+00
-6.375658170191837115e+00
-7.477476213181312836e+00
-7.625034463585614652e+00
-6.653129619506366943e+00
-7.191339249962489077e+00
-7.304923046565650502e+00
-7.334935973002759013e+00
-7.488431798177581200e+00
-7.594506120178045272e+00
-7.171701373933791146e+00
-7.398782551184495127e+00
-7.440861982776555195e+00
-7.499586031442567524e+00
-7.324519123269420007e+00
-7.466021360925287453e+00
-7.470289895218547471e+00
-7.531279005814722538e+00
-7.601484217019421230e+00
-7.504411558057987541e+00
-6.955055029772103659e+00
-7.595190927766082289e+00
-7.556512656361650926e+00
-7.593376715145827127e+00
-7.407708695734027238e+00
-7.336421895848690866e+00
-6.973066799160472229e+00
-6.819781661812330142e+00
-7.316752674227198661e+00
-7.474039392190357844e+00
-7.515946660700574711e+00
-7.292232678854187355e+00
-7.618161004927197943e+00
-7.455112346758167696e+00
-6.207409831342398654e+00
-5.926279420511747276e+00
-7.482535552220899611e+00
-7.537457127066389262e+00
-7.470413354276554507e+00
-7.250954906717963944e+00
-7.467865120707283921e+00
-7.516929751250482461e+00
-6.639389095931385043e+00
-7.367376442087626209e+00
-7.684157392465356118e+00
-7.467631265036404287e+00
-7.447298551286634982e+00
-7.484923455123262848e+00
-7.075872662092792531e+00
-7.525134667190218174e+00
-7.284040322187766314e+00
-7.358542065152413159e+00
-6.435316442529756209e+00
-7.545898548433118691e+00
-7.038466625753494910e+00
-7.047436093586619599e+00
-7.275640171537381740e+00
-7.568480680868613142e+00
-7.571628056625646863e+00
-7.270389069028281526e+00
-7.361348176805433852e+00
-7.606252020086268217e+00
-7.382869266325013058e+00
-6.146173779972663453e+00
-7.446722080726916992e+00
-6.097147784982658969e+00
-7.423391406942465132e+00
-7.309470485470446199e+00
-7.422436928873141326e+00
-7.414221467678552280e+00
-7.451185403346573644e+00
-7.332467845357139247e+00
-6.808892221500628672e+00
-5.242633836660305136e+00
-7.253078831645768609e+00
-7.615998806979389357e+00
-7.602064194497031302e+00
-7.095874567414642620e+00
-7.540852784973745671e+00
-7.002324841591584637e+00
-4.740063853796855575e+00
-7.589138713875104081e+00
-7.037661929750348655e+00
-7.510499551037410626e+00
-7.204988131699734843e+00
-7.215411592301028243e+00
-7.150656085963359665e+00
-7.382457605944174439e+00
-7.208311938977570499e+00
-7.609992188612177522e+00
-7.031530145458845027e+00
-7.446692292665272994e+00
-7.490819290020965582e+00
-6.052151759755548532e+00
-7.473540127915324405e+00
-7.271124342559477149e+00
-7.504609809955946176e+00
-7.194447571795824281e+00
-6.173483067357832255e+00
-7.329352974227845152e+00
-7.513034969551131148e+00
-7.398786861430992623e+00
-7.033930773211873877e+00
-7.373804960037293021e+00
-7.036039625109038020e+00
-7.513605289096131123e+00
-7.297166020152705990e+00
-7.316088844197336627e+00
-7.553855670341433459e+00
-7.475163349104898991e+00
-6.950626694686180329e+00
-7.078522663995500785e+00
-7.526667981361965687e+00
-6.909811395796101152e+00
-7.288736970018134365e+00
-7.530127529079480020e+00
-7.021038990791686807e+00
-7.384152804005660542e+00
-6.792975540538553680e+00
-7.062958670592077048e+00
-7.410795817913728101e+00
-7.619625975532077433e+00
-7.566105403006070595e+00
-7.365507135615724010e+00
-6.758210100424430600e+00
-7.356540488922834520e+00
-7.383271443166079528e+00
-7.524130928494310311e+00
-7.380454892759154006e+00
-6.417338648918961219e+00
-7.433704761856682275e+00
-7.397273398976575542e+00
-7.604925135317336604e+00
-7.457656342965965024e+00
-7.563045557317991552e+00
-7.501341488007118308e+00
-7.510993142601388506e+00
-7.360741744048435287e+00
-6.843246037601978138e+00
-7.175870683811109707e+00
-6.813297659478382506e+00
-6.982041987071329281e+00
-7.363618463506002243e+00
-7.164366455805565082e+00
-7.387823883244691636e+00
-7.510388713961243745e+00
-7.456654762858292429e+00
-7.273219610490519571e+00
-7.349996625361156610e+00
-7.617385376638628358e+00
-7.329469498068111655e+00
-7.300863005516208482e+00
-7.498552947600765961e+00
-7.471100729829325715e+00
-7.227740228708769088e+00
-7.468756137273479645e+00
-7.250028570937093519e+00
-7.423127960898566968e+00
-7.509561321346599705e+00
-7.591986142985308383e+00
-7.545058360525136898e+00
-7.489058785680393626e+00
-7.590876797531648457e+00
-7.499602722268903676e+00
-6.603066580544580511e+00
-7.380062995516011526e+00
-7.222376366218352217e+00
-7.523662133843892263e+00
-7.556103049500671354e+00
-7.055168735073384489e+00
-7.352447746243707449e+00
-7.508552139305259665e+00
-7.521187086561081259e+00
-7.351452720880019776e+00
-7.251192743145565167e+00
-6.475008085945276548e+00
-7.352653578415952573e+00
-7.514669902503806398e+00
-6.919637343566262366e+00
-6.691619792246555676e+00
-7.473339784201256997e+00
-7.151119406059192940e+00
-7.551816342460816678e+00
-7.524016235124336482e+00
-7.241008460472998287e+00
-6.976430587322104415e+00
-7.354764529288068786e+00
-7.357261678798679760e+00
-7.322754206199455496e+00
-6.946526713474443504e+00
-6.928309304871209662e+00
-7.399792248705709952e+00
-6.477525678557229050e+00
-6.698514262353673310e+00
-7.368077687954010635e+00
-7.645542055567016604e+00
-7.125465713321450956e+00
-7.389607746279746259e+00
-7.482077992769112562e+00
-7.466888233177759737e+00
-7.452000306607695634e+00
-7.493943236306185085e+00
-7.278142772019990048e+00
-6.524165785245642724e+00
-7.521923025994067480e+00
-7.414303249676382990e+00
-7.460267635551419474e+00
-7.025769322310637222e+00
-7.226523402306695765e+00
-7.188061682620256576e+00
-6.819930243865854891e+00
-5.011425604556235314e+00
-7.252302371588694285e+00
-7.100629170217099606e+00
-7.424254890880968460e+00
-7.443836835192049861e+00
-6.945185081782180525e+00
-7.144225910226229992e+00
-7.121191288276949471e+00
-7.373079922153024768e+00
-7.078622441793327447e+00
-7.406575843185176922e+00
-7.394611200623650404e+00
-7.609754059826619788e+00
-7.511190050630248471e+00
-6.955808465872984847e+00
-7.555558819153137762e+00
-6.837333378582527210e+00
-7.379752443199541823e+00
-7.217953751954119923e+00
-7.125313599800215059e+00
-7.278467317119907243e+00
-7.326412745396677195e+00
-7.237626393409325232e+00
-6.589586671680907948e+00
-7.495216178037900079e+00
-7.113584002901630399e+00
-7.471394136950499920e+00
-7.117089495440301228e+00
-7.444630928594905939e+00
-7.387710397357190040e+00
-7.406495166036669353e+00
-7.472111197147894401e+00
-7.342122653344962835e+00
-7.468023014017074246e+00
-7.396224857199438674e+00
-6.311712293880077596e+00
-7.560870220253820939e+00
-7.381385078002534073e+00
-4.722940656281882532e+00
-7.552813801941834271e+00
-7.336569424128200012e+00
-7.585022840443077285e+00
-7.489844231739970049e+00
-7.576929933259597405e+00
-7.419052320250680843e+00
-7.247285946863168071e+00
-7.433095324621326050e+00
-7.333181421660722954e+00
-7.350019636629071762e+00
-7.561188612358174410e+00
-7.295015120697960320e+00
-7.198441080387645741e+00
-6.928915223380714750e+00
-7.202946892435047488e+00
-6.971753229181470779e+00
-7.196990624458457830e+00
-7.603674024327309766e+00
-6.062207774884645239e+00
-7.464901142406980661e+00
-6.676515605179217161e+00
-7.409938307892230291e+00
-6.914767414357986475e+00
-7.041843371163721166e+00
-7.421651980756923450e+00
-6.156059618479546636e+00
-7.532248471418534486e+00
-7.565038028460045361e+00
-4.260279879932681091e+00
-7.316741852840809024e+00
-7.323591030704541538e+00
-7.561703815456445987e+00
-7.481140992992355798e+00
-7.338186636776613092e+00
-5.817077041213003952e+00
-7.482658961116616325e+00
-7.233423738568855121e+00
-6.913773829692222428e+00
-7.386442541833365460e+00
-7.247047797965768368e+00
-7.011959120150014435e+00
-6.969665362499081418e+00
-7.041146260685413161e+00
-7.311763863646702610e+00
-7.410111040317319819e+00
-7.432250498860788923e+00
-6.918725227171957037e+00
-7.483670023079126210e+00
-7.412762354927520114e+00
-7.518033267079554882e+00
-7.516357989015967078e+00
-6.953433405191620231e+00
-7.220493204344706761e+00
-7.433058038445741644e+00
-7.493534142800347020e+00
-7.339920812459463484e+00
-7.324710444919444896e+00
-7.435651456482142763e+00
-7.425513277667964651e+00
-7.168292259282200263e+00
-7.458564009728486432e+00
-7.431658563990590771e+00
-7.365476648695281625e+00
-7.367158241693409160e+00
-7.539912401034708722e+00
-7.211028227420940517e+00
-7.562078841214640690e+00
-7.493707755273321780e+00
-7.431472125269041662e+00
-7.371292541068214632e+00
-7.505804538380583146e+00
-7.432860961997652893e+00
-6.680981748747410798e+00
-7.166635693796063578e+00
-6.962631570243222434e+00
-7.491489515553090506e+00
-7.502742455717767989e+00
-7.504537777167303858e+00
-7.466316885389093549e+00
-7.508425241408954953e+00
-7.436978740853605885e+00
-7.588098921050214329e+00
-4.893811603702441282e+00
-6.486363668770892765e+00
-6.807123722464768711e+00
-7.577194777358033484e+00
-7.228435389483454543e+00
-7.129377108552528597e+00
-6.883604007487511112e+00
-6.967717802063539523e+00
-7.424709029954779993e+00
-7.489068945466705429e+00
-7.424006197589635647e+00
-7.571185564959815650e+00
-6.339494297111937904e+00
-7.483743149900215386e+00
-7.332865643919433296e+00
-7.471805096591512374e+00
-7.307047836747031511e+00
-7.429013851126277324e+00
-6.902360055871813671e+00
-7.419041652683186605e+00
-6.382503243876431753e+00
-7.162782580003926647e+00
-7.132419018399049015e+00
-7.081716288977245810e+00
-7.507372200780760174e+00
-7.155392029894533046e+00
-7.374710533247509581e+00
-5.898643466883488173e+00
-7.457242152615114250e+00
-7.444310882972070331e+00
-7.473384870599643293e+00
-7.401270126060198962e+00
-7.497163115215398577e+00
-7.228381717512086801e+00
-4.960470378572942707e+00
-7.352321459674681314e+00
-7.507218726109192275e+00
-7.419020574045022798e+00
-7.034408853416208807e+00
-7.440154248673693793e+00
-6.784389092028045631e+00
-7.377262341837385051e+00
-7.476829620817401434e+00
-7.340913541511060458e+00
-7.246694791937826174e+00
-7.403708589488256386e+00
-7.364849030281910736e+00
-7.210426966121407766e+00
-7.485798127227473842e+00
-7.244409567400791339e+00
-7.310347540270911715e+00
-7.589953887042162783e+00
-6.520954212113748483e+00
-6.784036931292257044e+00
-7.360031195555859718e+00
-7.600201801656018219e+00
-7.374075139608825324e+00
-7.500234433747064777e+00
-7.211391993454477678e+00
-7.110509602135569374e+00
-7.394269207875418637e+00
-7.558874452999120308e+00
-6.778235911013576143e+00
-5.727823334813574085e+00
-7.590396530030800726e+00
-7.597069895098329084e+00
-6.847582341315041177e+00
-7.262359635705397665e+00
-7.522472363642863868e+00
-7.494800116638345777e+00
-7.297065546098966848e+00
-7.136354768359573164e+00
-7.322167188307821206e+00
-7.217995533392336682e+00
-6.330963974476076395e+00
-6.932864289529853785e+00
-6.390505306122288509e+00
-7.343221311372886362e+00
-7.569311705782297395e+00
-7.447243840788109637e+00
-7.113462169991620954e+00
-7.666452264681160145e+00
-7.433188632142314844e+00
-6.569898072292391866e+00
-7.639924538299253776e+00
-7.449236909521310679e+00
-7.415841199555956997e+00
-7.543596596628129092e+00
-7.392559544099067459e+00
-7.576333214846585840e+00
-7.352881075378234321e+00
-7.400939775586685698e+00
-7.050526794519817564e+00
-7.547976798679556509e+00
-7.480013954137436194e+00
-7.356415827257163365e+00
-7.327267123364018531e+00
-7.324085420905942279e+00
-7.621129903527740446e+00
-6.999935401975350580e+00
-7.449452664439031757e+00
-7.125223927687883929e+00
-7.529495051545844753e+00
-7.588574380636139871e+00
-6.643196392344330015e+00
-7.623115980981351569e+00
-6.966644574704898396e+00
-7.346324893710606041e+00
-7.118379600328404777e+00
-7.045745234853220573e+00
-6.950516858893188044e+00
-7.537039253926536730e+00
-7.489411924805853715e+00
-7.266855694335740523e+00
-7.354203020179022943e+00
-7.482017111875014947e+00
-7.392083945723115335e+00
-6.552414735167953808e+00
-7.056546702389209891e+00
-6.529374440732779838e+00
-7.503966467201625967e+00
-7.455166614299234773e+00
-7.227944584236356107e+00
-7.143453954545698537e+00
-7.621536032720145570e+00
-7.441348960203590046e+00
-7.014840041897203449e+00
-7.427666381182551625e+00
-7.469914987382984428e+00
-5.334685829757669140e+00
-7.632809005235348110e+00
-6.673548259897154722e+00
-6.848117524905442899e+00
-7.544380648001937750e+00
-7.497413749104349101e+00
-7.589496568686086242e+00
-7.410544839612684953e+00
-7.518660024045766832e+00
-7.463274458464021599e+00
-5.860784344337674590e+00
-7.295770661678242064e+00
-7.451906606979460612e+00
-7.328073534737200134e+00
-7.123406339247438268e+00
-4.641811815653242412e+00
-7.508986544101142968e+00
-7.390547516023095120e+00
-7.426412201717758954e+00
-7.487187325703475338e+00
-6.424851473850792694e+00
-6.997530199320969757e+00
-7.460747707112953542e+00
-6.931324146968576017e+00
-7.222328768592874759e+00
-7.517142624395829031e+00
-7.432051717579033046e+00
-7.498729763202394594e+00
-6.483177958823895359e+00
-7.495822897009184693e+00
-7.291258125446460348e+00
-7.436773851891708809e+00
-6.376546671116620324e+00
-6.995671400950797647e+00
-7.504563983647503100e+00
-7.420311595177228270e+00
-7.562668485881590463e+00
-7.115384359329581798e+00
-6.695946866869010528e+00
-7.022875321346212729e+00
-7.372967118988174029e+00
-7.216531669574608898e+00
-6.482951144743001493e+00
-7.509455198864192660e+00
-7.372283480515940290e+00
-7.156778427580992030e+00
-6.845898987189113605e+00
-7.498862391026485774e+00
-7.544315914252893052e+00
-7.414124538053108004e+00
-7.292390635624339090e+00
-7.309397418335366048e+00
-7.258775393469654169e+00
-7.270373747475884940e+00
-7.415405291387126674e+00
-7.327503645820954148e+00
-7.309973802463581194e+00
-7.457037103540468337e+00
-7.554990642610093232e+00
-7.295265451127740164e+00
-7.381073475356496161e+00
-7.386416901562529169e+00
-7.021215869174509905e+00
-7.416132558082963122e+00
-7.115835024259703268e+00
-6.812757227053777065e+00
-7.484366602276544711e+00
-7.205515840977042785e+00
-7.364704041575872218e+00
-7.576428618716843921e+00
-7.458040301012566431e+00
-7.276603614237289186e+00
-6.839319650981273924e+00
-7.016415069870037158e+00
-7.431837597346406810e+00
-7.364658852215623774e+00
-7.419647188462353604e+00
-7.233549800061860324e+00
-7.510633892607891937e+00
-7.282373196024565232e+00
-7.362762794816728906e+00
-7.468941792179415451e+00
-7.208981136764506914e+00
-7.178353969533127987e+00
-7.651871241363562781e+00
-7.436624752784002368e+00
-7.002069428688603381e+00
-7.414519826496408506e+00
-6.865788468725444460e+00
-6.466155430046003794e+00
-7.389607426045946781e+00
-6.427644504179886198e+00
-7.573135751095264823e+00
-7.568602116206150754e+00
-7.554428351701464095e+00
-7.491727828978905990e+00
-6.907107534516967462e+00
-6.928513828816065256e+00
-7.591084769254652365e+00
-6.885573630881995477e+00
-6.906273065596016281e+00
-6.971472249752491912e+00
-7.234098485986462990e+00
-7.427695807617825885e+00
-7.394314870965715158e+00
-6.554902382528409177e+00
-7.363661619902239330e+00
-7.516062168911989083e+00
-7.487473030427655551e+00
-7.247163435809122589e+00
-7.332492574826400045e+00
-6.361636310323952159e+00
-7.413490924673260096e+00
-6.915500479622058272e+00
-7.277369064937903254e+00
-6.526513403138518576e+00
-7.357272018472534647e+00
-7.141583292820568474e+00
-7.519741134723815890e+00
-7.383798592511615411e+00
-6.924957725214089699e+00
-7.456505623137349659e+00
-7.035877624861547552e+00
-7.378502318152331263e+00
-7.274526267521076228e+00
-7.443698286897235228e+00
-7.312148743152437014e+00
-6.889950365690528322e+00
-7.520417483798714109e+00
-6.901665115991226784e+00
-7.507248726498385594e+00
-6.914861909498393189e+00
-7.472772074415057197e+00
-7.583627745071257031e+00
-7.231143407192944572e+00
-7.405773529636231700e+00
-7.651259288225974231e+00
-7.377001719093508214e+00
-7.579909602328678275e+00
-7.477095002325095940e+00
-7.347080070217559822e+00
-7.207899442101325604e+00
-7.351143964567820710e+00
-7.399446321198044352e+00
-7.442643438580463844e+00
-6.988954717496799418e+00
-7.532131948920962827e+00
-7.538652981833418920e+00
-7.265075825155813405e+00
-7.128604491383787156e+00
-7.439617023108796801e+00
-7.541817032278972377e+00
-7.458546584158773030e+00
-7.552139468604369910e+00
-7.305838059624647052e+00
-7.510152781233032648e+00
-6.024670712598241273e+00
-7.301103435254145069e+00
-7.469115716666551386e+00
-7.483480448606577795e+00
-7.284670258235032669e+00
-4.224962562372184927e+00
-7.544431543342584590e+00
-7.148583758564890367e+00
-7.641950915924933696e+00
-5.265932469289273499e+00
-7.376134257633574443e+00
-7.260312107010181926e+00
-7.238409366178680138e+00
-7.489280927460303161e+00
-7.268276637813565699e+00
-7.385994155502841885e+00
-7.382433806528898579e+00
-7.536140420130168494e+00
-7.570517488713484511e+00
-7.336940912115982982e+00
-7.541627864513800183e+00
-7.241321498575660875e+00
-7.119121748060535104e+00
-7.293562376043450257e+00
-7.208185240968262519e+00
-7.598686467989231197e+00
-7.029110404037271387e+00
-7.328783448837139503e+00
-6.561329088180544389e+00
-6.824702991138687835e+00
-6.519089245406471278e+00
-7.549764861095588309e+00
-7.462575616752670449e+00
-7.509786080081903847e+00
-7.637012477112731013e+00
-7.506365833939206311e+00
-7.387770798150064877e+00
-7.279214296442087395e+00
-7.479664583872571271e+00
-7.424131575100961555e+00
-7.379108216304414825e+00
-7.578213433873335347e+00
-7.139998692892215892e+00
-6.762274241918678541e+00
-7.303715265750902574e+00
-7.567905055747540466e+00
-7.555204610693426304e+00
-7.417391334538847580e+00
-7.308157961198442187e+00
-7.108839687450275946e+00
-7.482308602154250643e+00
-7.560041229845945843e+00
-7.332008509278104214e+00
-7.405441634572269116e+00
-7.554533283205440597e+00
-7.325245697580248461e+00
-6.776517748889951065e+00
-7.395149159206768630e+00
-7.325441676512568279e+00
-6.157781979838211406e+00
-7.453160780077408454e+00
-7.564196342617323765e+00
-7.662485033868602358e+00
-7.322317139818500742e+00
-7.629658387120866969e+00
-7.249392269703297309e+00
-6.497614886147137447e+00
-7.457713793489852527e+00
-6.800971426729199187e+00
-7.601860073428801101e+00
-7.276407496945293651e+00
-7.195038457595782866e+00
-7.624079751121197290e+00
-7.347775759706131282e+00
-7.328885146162901876e+00
-6.964416941903815328e+00
-7.453303593513520120e+00
-7.542800930986899743e+00
-7.605272129210745469e+00
-7.657118316023382221e+00
-7.278424074928856236e+00
-5.734971013862534051e+00
-7.127667555853036241e+00
-7.001968502683155293e+00
-7.417406183904496686e+00
-6.536385249397743458e+00
-6.886863009006177094e+00
-7.251254970588252746e+00
-7.588417163162616497e+00
-7.215147124832450132e+00
-7.292268970400304973e+00
-7.302542879439908319e+00
-7.347307881083477987e+00
-7.542045514315126375e+00
-7.371567471779073344e+00
-7.568551846355288326e+00
-6.210263709834098478e+00
-7.137358424765437803e+00
-6.704225219161353166e+00
-7.595004470070692015e+00
-6.915931612993722943e+00
-7.132516942044593300e+00
-7.525002368692081056e+00
-7.137994470774439826e+00
-7.393516186240745469e+00
-6.996297306264764870e+00
-7.513655991285020264e+00
-7.479063033738353461e+00
-7.436879007076125703e+00
-7.331812592271741202e+00
-7.598484731293751793e+00
-7.459198411213700197e+00
-7.573673795373616180e+00
-7.009104221349640618e+00
-7.403274576646523997e+00
-7.388414011783722479e+00
-7.298981158509620037e+00
-6.797659307295599085e+00
-7.477458900787543605e+00
-7.349205090837090282e+00
-7.587553336312484298e+00
-7.296003857924391767e+00
-7.612731663607364752e+00
-7.550788183198160475e+00
-7.559373241950330780e+00
-6.994363963174335730e+00
-6.353021840838949608e+00
-7.428531482857028578e+00
-7.312059844118376617e+00
-7.484537071439966383e+00
-7.381128116303394826e+00
-7.439255782342262258e+00
-7.349199617648621619e+00
-7.400061751257047682e+00
-7.583223766491136608e+00
-6.833749234523133431e+00
-6.843262486274946710e+00
-7.396002811818679135e+00
-7.555190197323076617e+00
-7.493601107812930984e+00
-7.584878572455816759e+00
-7.482694228264959335e+00
-6.623700055552308896e+00
-6.121030861729125583e+00
-7.580439443626286078e+00
-7.677373179434886730e+00
-7.124663266227734049e+00
-7.420004714680117353e+00
-6.925264664182777530e+00
-7.401204615890698335e+00
-7.620455582206245637e+00
-7.276697073195323107e+00
-7.375915047259517188e+00
-6.326643277650811470e+00
-7.370907731065793556e+00
-7.291047518737332034e+00
-7.411016431536395110e+00
-6.976771380890263607e+00
-7.410382619914782865e+00
-7.640941738906878555e+00
-7.234847236171176199e+00
-7.603562976102903548e+00
-7.304478644005090615e+00
-6.980259278958348190e+00
-7.370427978046730111e+00
-7.240265746889065213e+00
-7.613622042170508308e+00
-7.589080979471262367e+00
-7.504264720191979876e+00
-7.167260144591931947e+00
-7.347961699584498518e+00
-7.448665811485315480e+00
-6.802541447494397708e+00
-7.079579023074400901e+00
-7.564567511625486240e+00
-7.404946738558441766e+00
-7.514718187683685713e+00
-7.373007226835133210e+00
-7.421696607552060954e+00
-7.250159808521664750e+00
-7.579599970650104268e+00
-7.144183160701654600e+00
-7.362470336773998980e+00
-7.116796508902704765e+00
-6.540405522623797374e+00
-7.444625311587965477e+00
-7.079263921598087705e+00
-7.376509417553156034e+00
-7.516401168374074793e+00
-7.593327592444548024e+00
-7.507918979483870991e+00
-7.605998719306062306e+00
-6.903298809356975596e+00
-7.650073522290242956e+00
-7.472228881622579699e+00
-6.963442460726024130e+00
-6.802225402077616501e+00
-7.437479743430691848e+00
-7.496262352437509158e+00
-7.516157375354041825e+00
-7.612629159321953054e+00
-7.420123240143297494e+00
-6.873793346359878598e+00
-7.186838532238233768e+00
-7.049122872607710200e+00
-7.203589141363496928e+00
-7.522722840147288537e+00
-7.470540035583206340e+00
-6.568497152881223045e+00
-7.572009358160117110e+00
-7.236386947925734781e+00
-7.362654863459777488e+00
-7.080935745350138255e+00
-7.281941988963541945e+00
-7.126098396039131089e+00
-7.457104564702693672e+00
-6.683718015335242235e+00
-7.572686404449104458e+00
-7.426163525234021456e+00
-7.542958989707756245e+00
-7.491538847684054758e+00
-7.656278246411300614e+00
-7.537461673886635793e+00
-7.401358892843410864e+00
-7.518315608877027323e+00
-7.546065920678564964e+00
-7.521326470571533029e+00
-5.714886471417445435e+00
-6.684710144252185238e+00
-4.947583927151740113e+00
-5.874790023850320786e+00
-7.171795224154774218e+00
-7.647825499630154233e+00
-7.282396071331207921e+00
-6.912139231136291251e+00
-7.561620835888473557e+00
-7.273300990833223345e+00
-7.361761580705394437e+00
-7.352505535253381019e+00
-7.554585331046843599e+00
-7.531858899656775463e+00
-7.021695540804540059e+00
-7.483992995459277431e+00
-5.429457550960192336e+00
-6.791031891768348316e+00
-7.585695825018729188e+00
-7.407560808679948039e+00
-7.395246383499280540e+00
-7.438075573288093878e+00
-4.622574293690803415e+00
-7.489852625247176654e+00
-7.371514204036582640e+00
-7.252794720802018702e+00
-7.308606727623471855e+00
-7.334071831133311292e+00
-7.459834612306870838e+00
-7.482779071935538262e+00
-7.625089160396831822e+00
-7.490765627584804243e+00
-7.272834250883785323e+00
-7.566084814834331596e+00
-7.362805122200358987e+00
-7.087302645792581401e+00
-7.560658026582765423e+00
-7.590598028730802582e+00
-7.607238368393049122e+00
-7.581619147131365644e+00
-7.118734781484338470e+00
-7.470217029842960876e+00
-7.578061627943484702e+00
-7.414892955005798036e+00
-6.732720985106405820e+00
-7.041404650214447614e+00
-6.774475445392501349e+00
-7.338275819013207801e+00
-7.263581858468140418e+00
-5.663732431430681835e+00
-7.406141105385656509e+00
-7.585340204278675280e+00
-6.792149613586172308e+00
-7.463940154152402862e+00
-7.460747756838707723e+00
-7.345958378093611962e+00
-7.537513887267896173e+00
-7.058510978812825520e+00
-7.419640733004402300e+00
-7.291026965386192771e+00
-7.219169467531375339e+00
-7.365063043986312508e+00
-7.524685410902754334e+00
-7.394804324683168062e+00
-7.478016486359504889e+00
-7.484634646841173300e+00
-7.419925136124255971e+00
-7.159111710685359675e+00
-7.658479881225953356e+00
-7.521406999661974346e+00
-7.428461429001096405e+00
-7.213651909289345632e+00
-7.275252890746304324e+00
-7.558919319768063083e+00
-7.440280550996781983e+00
-7.396582253703958720e+00
-7.380827618745802177e+00
-7.418109504867717696e+00
-7.488147557059680715e+00
-6.783460007686173299e+00
-7.299339647653067864e+00
-6.823802483937269514e+00
-7.673673256694699241e+00
-7.522385438511745015e+00
-7.527891114558450170e+00
-7.545034603761327396e+00
-6.825749549948892714e+00
-7.371371519820684171e+00
-7.687390623817366375e+00
-7.445948392564791796e+00
-7.422337663673548747e+00
-7.255786403793858419e+00
-7.577559372288364514e+00
-7.472245786132943657e+00
-6.810890933279273085e+00
-7.575643234361879585e+00
-7.574885991757771109e+00
-7.428095888381627709e+00
-7.407529697435779603e+00
-7.215035803181844010e+00
-7.272269159847573938e+00
-6.866093045060311262e+00
-7.000642743528142198e+00
-7.494330336870352660e+00
-7.467222663796039051e+00
-7.566147776126791236e+00
-7.506965559426556744e+00
-7.166106906287384781e+00
-7.368644341363447481e+00
-7.536478001431774487e+00
-7.087789169445648518e+00
-6.352148379197148031e+00
-7.262530010826633742e+00
-7.404754588629488765e+00
-7.162432379595284893e+00
-7.445140843551381060e+00
-7.582292232519897368e+00
-7.565458495409373540e+00
-6.376056423642463500e+00
-6.802534367454849296e+00
-7.443661331443697016e+00
-7.355150069565510762e+00
-7.107575403169137829e+00
-7.473159743476963435e+00
-5.889245856964744341e+00
-7.466187850362572931e+00
-7.602370272110300142e+00
-7.186555888004708237e+00
-7.437952256666586770e+00
-7.270461957499103178e+00
-7.308933719970100107e+00
-5.938126789468091360e+00
-7.508236315073998135e+00
-7.507731454694460460e+00
-6.909191241712599130e+00
-7.439056612442882077e+00
-7.290158200340953520e+00
-7.492963209629158072e+00
-7.265511274943876607e+00
-7.198943061232218277e+00
-7.427542114256412198e+00
-7.421243905770927185e+00
-7.405040423107826619e+00
-7.425085091970441198e+00
-7.620571180109808829e+00
-7.469049783208030036e+00
-7.551607418802524840e+00
-7.190621734594211389e+00
-7.367165784878493717e+00
-7.513800818964625705e+00
-7.357700700530415361e+00
-7.587448172110686784e+00
-7.440549169538024366e+00
-7.517729300437110851e+00
-7.347922188372322694e+00
-7.524827659843939642e+00
-7.434444994011498942e+00
-7.362146803775946324e+00
-6.732426488282074573e+00
-7.597250553221938318e+00
-7.341587371806446605e+00
-7.435863072877913815e+00
-7.287056479254197860e+00
-7.443903424931784585e+00
-7.270952631422727741e+00
-7.319524580092751975e+00
-7.519609206581482574e+00
-6.921004215276460592e+00
-7.615289516326217090e+00
-7.571697671804281882e+00
-6.990821185513458325e+00
-7.574366871382574473e+00
-7.330394009316650639e+00
-7.451059652545760414e+00
-7.331306943822655242e+00
-7.299953479488887176e+00
-7.515098245297986423e+00
-7.444484734222943878e+00
-6.995620892537084856e+00
-7.222883261578429526e+00
-7.187394782871601606e+00
-6.860291777809210956e+00
-7.386536980966075028e+00
-7.365277695539017344e+00
-5.759111863344005933e+00
-7.506080709844027865e+00
-6.741292684007763825e+00
-7.516928426117507556e+00
-7.349755843214784257e+00
-7.411504752646362881e+00
-6.903455255638095700e+00
-7.352752294365714647e+00
-7.322375550382816733e+00
-5.073639512867763379e+00
-6.850591727217442362e+00
-7.032784532817743184e+00
-7.350928229335228714e+00
-7.494132286399529441e+00
-7.528994383441353300e+00
-6.158560890490079487e+00
-6.618520516483809679e+00
-5.090405507006884100e+00
-7.381144569516344234e+00
-7.487430777215951849e+00
-7.408006689703323211e+00
-7.557689154758210570e+00
-7.390753842475399793e+00
-7.230186413629723141e+00
-7.280128211184774045e+00
-7.353735364574163214e+00
-6.640132541261366761e+00
-7.142460871159729940e+00
-7.444659213420569799e+00
-6.636839406007216446e+00
-7.414999582757944019e+00
-7.632768197066558180e+00
-7.557649332849075918e+00
-7.428642386756092009e+00
-7.162719224537933194e+00
-7.487333047590264634e+00
-7.207162338101317012e+00
-7.458426670408020875e+00
-7.456952550879546671e+00
-6.955125410320987633e+00
-7.312491404064473066e+00
-6.662413487777592458e+00
-7.462252161476932599e+00
-7.445507433767121874e+00
-7.548593929559662463e+00
-7.171313809299901365e+00
-7.561598608444894509e+00
-7.200775869913043081e+00
-7.161930334095701234e+00
-7.569138374121171076e+00
-7.642616710345013331e+00
-7.211872690414199205e+00
-7.479978079051026185e+00
-6.936577553175306221e+00
-7.339745502819864598e+00
-7.438107336102302902e+00
-7.545337175363967752e+00
-7.551598870632282079e+00
-7.000657506721391421e+00
-6.882960472399537899e+00
-7.547182829822015826e+00
-6.889885036024842258e+00
-7.490300353587716842e+00
-7.439962061804934024e+00
-7.165465773990021603e+00
-7.506126948356500073e+00
-7.278592770636079123e+00
-7.538776637787832691e+00
-7.584439484669527332e+00
-7.547386102103684991e+00
-5.972487294232694310e+00
-7.374013374713332958e+00
-7.611204661824037210e+00
-7.376733918361580322e+00
-7.420760622641155102e+00
-7.550346466475226670e+00
-7.480938745614090557e+00
-7.480791363339337252e+00
-6.781565047326149731e+00
-7.582635850603724137e+00
-7.538377698296458540e+00
-7.566863713629288668e+00
-7.471149331525631432e+00
-6.347537756610135418e+00
-6.406904483852174259e+00
-6.968625198243943331e+00
-7.337493850471640044e+00
-5.416495502082583791e+00
-7.420877992790490651e+00
-7.310520554499293056e+00
-6.358746574324928069e+00
-7.475821013297783146e+00
-7.475884051271832753e+00
-6.615418821733183741e+00
-7.044303274827368178e+00
-7.465504070480586840e+00
-7.593301435134145017e+00
-6.702065120279310229e+00
-6.273230919770569791e+00
-7.084132211356310549e+00
-6.139779192594827961e+00
-7.125801274942635821e+00
-7.144268987734451848e+00
-7.488915827194607466e+00
-7.589927184583283193e+00
-6.775178456317558329e+00
-6.857293231144296008e+00
-7.403054383962548002e+00
-7.469011552238232099e+00
-5.619650032834858422e+00
-7.409385766088656844e+00
-7.568829117348492730e+00
-7.477224794675723096e+00
-7.366991028388097718e+00
-7.476740578824225381e+00
-6.545160689382676367e+00
-6.544072528541635236e+00
-7.590580243223577384e+00
-7.491321075096175619e+00
-6.924537514064109445e+00
-5.588219703054184251e+00
-7.490110868626094209e+00
-7.212973496284404540e+00
-7.453645255753089671e+00
-7.191556831974513564e+00
-7.363621439279479652e+00
-7.457145092608077341e+00
-7.276965970087245772e+00
-6.564004515354919356e+00
-7.341666637422961550e+00
-7.000803858453990003e+00
-7.117879956802961594e+00
-7.328801260517552763e+00
-7.071413392047527502e+00
-7.577047625582536305e+00
-7.370120449733467360e+00
-7.286655288885986792e+00
-7.636509799173956559e+00
-7.094839108736016087e+00
-7.078253035354568290e+00
-7.478696091209521057e+00
-6.860229208482712338e+00
-7.408438447037340779e+00
-7.144170637579403405e+00
-7.541714554394939540e+00
-7.467752903150046251e+00
-6.745045047740996225e+00
-7.480597095030199206e+00
-7.469794489435661156e+00
-7.460252372915913810e+00
-7.522057931614046566e+00
-4.989524158689931710e+00
-5.302858071500204495e+00
-7.485338585099304609e+00
-6.992426326138919457e+00
-7.584316768856191437e+00
-7.544949925522748124e+00
-7.512655475320982212e+00
-7.109193492237632306e+00
-7.493402399309880835e+00
-7.423085462958477265e+00
-7.280921430119970061e+00
-7.012105115108307807e+00
-7.528679546378294063e+00
-7.383867088128767797e+00
-7.025070546730890264e+00
-7.544259973888288506e+00
-7.409958137528938948e+00
-7.414940916583252495e+00
-7.186334988458455975e+00
-7.375934943073463756e+00
-7.109364990485555147e+00
-7.321017870244261871e+00
-7.104491031650113086e+00
-5.530959126812206250e+00
-7.572606743959230613e+00
-7.627740514286119655e+00
-7.547472809683259953e+00
-7.499346576225148553e+00
-7.419457751658366185e+00
-7.389722674097503941e+00
-7.461560355295977054e+00
-7.586577023006272569e+00
-7.500253855349058085e+00
-7.356610394140112419e+00
-7.055241560672380174e+00
-7.551895808244641906e+00
-7.340840158151820560e+00
-7.465464507574673725e+00
-7.593006679011823579e+00
-5.755427786183432204e+00
-7.484132553246246822e+00
-6.679456561249756064e+00
-7.335947439871560505e+00
-5.828449526165246475e+00
-7.413418459985764208e+00
-6.758531534444464306e+00
-7.491120423092718639e+00
-7.450453121164234638e+00
-7.291506751733864533e+00
-7.336673807203937692e+00
-7.348903180342825969e+00
-6.694836971834769557e+00
-7.334689123619114071e+00
-7.528171631851289902e+00
-6.926631207090992781e+00
-7.587464919011567943e+00
-4.852613076362494837e+00
-7.478173851015443852e+00
-7.444717848672633309e+00
-7.519411359096388026e+00
-7.368373801067138906e+00
-7.347117429985273951e+00
-7.384006392609837377e+00
-7.506660934206787594e+00
-7.342138639171769121e+00
-6.222387743359910850e+00
-7.554068181928465187e+00
-7.507817712392534482e+00
-7.496269785860263823e+00
-7.512719442637480149e+00
-7.552404271738864416e+00
-7.286336798709630358e+00
-7.351423406873657918e+00
-7.339990435356014586e+00
-6.470246353269095252e+00
-7.529453088304141062e+00
-7.553334809407155070e+00
-7.572563620849558141e+00
-6.883825924443466526e+00
-7.129424769894099789e+00
-7.008244089122134923e+00
-7.058407258042680432e+00
-6.458762142618459379e+00
-7.550200382473646776e+00
-7.563465660614807184e+00
-7.615758064085972556e+00
-5.802873157266549953e+00
-7.548904925517024189e+00
-7.481797431026987688e+00
-5.421070995710234541e+00
-6.838166755493179316e+00
-7.325554746574396425e+00
-7.326994871517356067e+00
-6.747075381228060387e+00
-7.569525117085110999e+00
-7.476552680693901110e+00
-7.500790392802318074e+00
-7.466710135976164509e+00
-7.676542198349936896e+00
-7.259341492786144379e+00
-7.468422227364365895e+00
-7.535538043380460849e+00
-7.307639711744111644e+00
-7.434731935580781048e+00
-7.454991737982830990e+00
-7.492222823983656355e+00
-7.637826610651333503e+00
-7.236960056252986107e+00
-7.377002291606075346e+00
-5.688903363065460184e+00
-7.097264758620368319e+00
-7.222586350288619172e+00
-7.326150877305455111e+00
-7.368037453818034876e+00
-6.769198946049014509e+00
-7.156994321066135534e+00
-7.189825017883070934e+00
-7.505552902148853178e+00
-5.425809464817776373e+00
-7.274828170854032550e+00
-7.503769463229395420e+00
-7.471947656564343454e+00
-7.570357908709612893e+00
-7.449623878870068161e+00
-6.853040006382697946e+00
-7.347104239179465424e+00
-7.445319960071791421e+00
-7.521222209330160169e+00
-7.281411725426845116e+00
-7.499791229730329967e+00
-7.179747014353651480e+00
-7.402300986960973717e+00
-7.546225624546362809e+00
-7.257711685901916177e+00
-7.447457525279334689e+00
-7.566184320464377500e+00
-6.474596896060861972e+00
-7.313534378465200270e+00
-7.284486809802714902e+00
-6.263084178973051586e+00
-7.087893105572460328e+00
-6.415189032395229418e+00
-7.533476662230735421e+00
-7.322722508165052879e+00
-7.399648362457445394e+00
-7.568831056707573168e+00
-7.292543130669797868e+00
-7.614751245108815070e+00
-6.651508772547026105e+00
-7.227169147152637585e+00
-7.510052169396684185e+00
-6.923827990619606965e+00
-7.351062503358821054e+00
-7.255506207958178244e+00
-7.590824058627192450e+00
-7.077035306452891028e+00
-7.502247075804651999e+00
-7.390049438226365730e+00
-7.396423702533707178e+00
-7.363254428284284892e+00
-7.220734748091836686e+00
-7.167716507476232124e+00
-7.397147398976804844e+00
-7.473334673378194459e+00
-7.106609445444893147e+00
-7.214214538573219926e+00
-7.539298895050809968e+00
-7.225048226407375651e+00
-7.201324541950355318e+00
-7.226349656637643726e+00
-7.418426268922152289e+00
-6.743960906505532371e+00
-7.261311427449260947e+00
-5.462923738308634647e+00
-7.021630493213665503e+00
-6.024866537779925757e+00
-7.550095021301532761e+00
-6.770214635282517435e+00
