1.000000000000000000e+00
9.867471456527709961e-01
1.000000000000000000e+00
9.747009277343750000e-01
9.879518747329711914e-01
9.674720764160156250e-01
9.545154571533203125e-01
9.963855743408203125e-01
9.189695119857788086e-01
9.870433807373046875e-01
9.749971628189086914e-01
9.447669982910156250e-01
8.014405965805053711e-01
9.056898355484008789e-01
9.903615713119506836e-01
9.951807260513305664e-01
9.359912872314453125e-01
9.807230234146118164e-01
9.156430959701538086e-01
9.795614480972290039e-01
9.277585744857788086e-01
9.819297790527343750e-01
8.492311239242553711e-01
9.578775167465209961e-01
9.379469156265258789e-01
8.677870035171508789e-01
8.004544973373413086e-01
9.746990203857421875e-01
9.131292104721069336e-01
8.572120666503906250e-01
9.026075601577758789e-01
8.404890298843383789e-01
4.474652409553527832e-01
6.841493844985961914e-01
8.115348815917968750e-01
9.202823638916015625e-01
8.397058248519897461e-01
8.165035247802734375e-01
8.243618011474609375e-01
8.836288452148437500e-01
8.194688558578491211e-01
9.174588918685913086e-01
7.783050537109375000e-01
9.488931894302368164e-01
8.006719350814819336e-01
7.045707702636718750e-01
7.909635305404663086e-01
6.715908050537109375e-01
7.252292633056640625e-01
5.883413553237915039e-01
9.132646322250366211e-01
8.202985525131225586e-01
8.133550882339477539e-01
6.786441802978515625e-01
8.211141824722290039e-01
6.095962524414062500e-01
9.337419271469116211e-01
8.682880401611328125e-01
7.086435556411743164e-01
4.683113098144531250e-01
7.201982736587524414e-01
8.846302032470703125e-01
6.102606058120727539e-01
8.927625417709350586e-01
7.800941467285156250e-01
5.742944478988647461e-01
3.254108428955078125e-01
8.355535268783569336e-01
8.897584676742553711e-01
7.182649374008178711e-01
8.201732635498046875e-01
4.431832432746887207e-01
5.759683847427368164e-01
8.448905944824218750e-01
7.582963705062866211e-01
5.568847656250000000e-01
6.671320199966430664e-01
6.902465820312500000e-01
3.780581057071685791e-01
4.572067260742187500e-01
8.020578622817993164e-01
5.825563669204711914e-01
7.583395242691040039e-01
5.386720895767211914e-01
7.375793457031250000e-01
8.017202615737915039e-01
8.253637552261352539e-01
7.266241312026977539e-01
7.069301605224609375e-01
6.328099966049194336e-01
4.341596066951751709e-01
3.789978027343750000e-01
8.804250955581665039e-01
5.672861337661743164e-01
3.936246037483215332e-01
3.697687685489654541e-01
8.331680297851562500e-01
7.983773946762084961e-01
3.926849365234375000e-01
6.387907266616821289e-01
4.658908843994140625e-01
5.812873840332031250e-01
7.078005075454711914e-01
7.545999288558959961e-01
5.695171356201171875e-01
4.259948730468750000e-01
3.955694735050201416e-01
5.572185516357421875e-01
7.771059274673461914e-01
1.796951293945312500e-01
6.296259164810180664e-01
1.892566680908203125e-01
3.253949284553527832e-01
5.636043548583984375e-01
5.478910207748413086e-01
7.215780019760131836e-01
5.993556976318359375e-01
5.349102020263671875e-01
5.246505737304687500e-01
7.923526763916015625e-01
5.101941227912902832e-01
6.679121255874633789e-01
2.119019627571105957e-01
2.429243624210357666e-01
7.185312509536743164e-01
4.798030853271484375e-01
5.394223928451538086e-01
1.204357147216796875e-01
5.810819864273071289e-01
5.561701059341430664e-01
4.108467102050781250e-01
9.698039293289184570e-02
4.030748903751373291e-01
4.633553624153137207e-01
8.980941772460937500e-02
3.875967562198638916e-01
4.145342409610748291e-01
1.511967778205871582e-01
5.527883768081665039e-01
4.839407503604888916e-01
2.156365513801574707e-01
6.421083211898803711e-01
4.763405919075012207e-01
5.131702423095703125e-01
4.673658907413482666e-01
4.412027895450592041e-01
3.373787999153137207e-01
4.682998657226562500e-01
4.772656857967376709e-01
4.200464785099029541e-01
1.843630373477935791e-01
4.878794252872467041e-01
1.197350621223449707e-01
1.915066838264465332e-01
6.751937866210937500e-01
6.138528585433959961e-01
7.161394357681274414e-01
4.930222630500793457e-01
6.999174356460571289e-01
4.662545323371887207e-01
6.837507486343383789e-01
5.742937326431274414e-01
-6.269645690917968750e-02
6.089128255844116211e-01
1.684239506721496582e-01
7.396507263183593750e-01
3.641381859779357910e-02
5.014412999153137207e-01
6.854623556137084961e-01
2.620626986026763916e-01
4.446926116943359375e-01
6.232662200927734375e-01
6.727300882339477539e-01
8.994799852371215820e-02
3.944358825683593750e-01
1.412792205810546875e-01
7.047100067138671875e-01
4.701620638370513916e-01
7.045617699623107910e-02
6.462453603744506836e-01
6.949920654296875000e-01
6.641889810562133789e-01
3.434181213378906250e-01
6.426454782485961914e-01
5.792745351791381836e-01
5.219364166259765625e-01
3.860187530517578125e-01
4.923667907714843750e-01
4.158115386962890625e-01
6.547578573226928711e-01
4.786148071289062500e-01
6.270211935043334961e-01
3.512789309024810791e-01
4.172897338867187500e-01
5.788726806640625000e-01
2.402655184268951416e-01
5.764846801757812500e-01
5.463180541992187500e-01
2.772439122200012207e-01
4.384358525276184082e-01
6.006189584732055664e-01
4.858283996582031250e-01
4.748687744140625000e-01
4.310124516487121582e-01
3.130079805850982666e-01
5.864804983139038086e-01
5.920658111572265625e-01
2.275924682617187500e-01
4.943408966064453125e-01
5.675735473632812500e-01
5.603052377700805664e-01
4.966799318790435791e-01
6.258093118667602539e-01
5.535869598388671875e-01
6.220811605453491211e-01
6.846281290054321289e-01
4.106941223144531250e-01
3.989670872688293457e-01
4.057896733283996582e-01
5.874112844467163086e-01
3.984336853027343750e-01
5.881334543228149414e-01
3.296120762825012207e-01
6.774253845214843750e-01
3.519916534423828125e-01
4.383633732795715332e-01
4.206008911132812500e-01
4.219334721565246582e-01
6.238149404525756836e-01
4.261239171028137207e-01
4.250469207763671875e-01
6.437898874282836914e-01
1.650002598762512207e-01
5.110543370246887207e-01
6.289602518081665039e-01
4.663441777229309082e-01
3.642997741699218750e-01
1.821517944335937500e-01
6.084060668945312500e-01
5.642153024673461914e-01
6.778068542480468750e-01
4.098523259162902832e-01
3.727276921272277832e-01
2.457574009895324707e-01
-2.246856689453125000e-02
4.937343597412109375e-01
5.754286050796508789e-01
5.330346822738647461e-01
4.516105651855468750e-01
2.464256286621093750e-01
4.733778536319732666e-01
4.616979062557220459e-01
4.421609044075012207e-01
3.794879913330078125e-01
3.870372772216796875e-01
3.865381777286529541e-01
3.588663637638092041e-01
4.870897829532623291e-01
5.001862645149230957e-01
2.985699772834777832e-01
6.877384185791015625e-01
4.390233159065246582e-01
2.267157137393951416e-01
5.346330404281616211e-01
1.964047551155090332e-01
2.018353343009948730e-02
1.869621276855468750e-01
7.151374816894531250e-01
5.444329977035522461e-01
4.519958496093750000e-01
3.219909667968750000e-01
4.052022099494934082e-01
7.201932668685913086e-01
3.302097320556640625e-01
5.716195702552795410e-02
6.962083578109741211e-01
7.069206237792968750e-02
3.904533386230468750e-01
5.998407602310180664e-01
3.147830963134765625e-01
9.730529785156250000e-02
5.088170170783996582e-01
6.018575429916381836e-01
6.276937723159790039e-01
4.149958193302154541e-01
6.810817718505859375e-01
2.340844273567199707e-01
5.302652120590209961e-01
3.683776855468750000e-01
5.396480560302734375e-01
2.425505220890045166e-01
5.242258310317993164e-01
7.510738372802734375e-01
2.892163395881652832e-01
5.539785623550415039e-01
3.559665679931640625e-01
5.517038106918334961e-01
4.588578343391418457e-01
3.469390869140625000e-01
5.929609537124633789e-01
3.613948822021484375e-01
3.082898259162902832e-01
4.868062138557434082e-01
4.130325317382812500e-01
4.964714050292968750e-01
4.926427304744720459e-01
5.595359802246093750e-01
5.524183511734008789e-01
3.487860262393951416e-01
3.315086364746093750e-01
6.782550811767578125e-01
3.302370607852935791e-01
4.556674957275390625e-01
6.424808502197265625e-01
4.159018099308013916e-01
7.316614389419555664e-01
2.910830080509185791e-01
5.520883798599243164e-01
5.008093118667602539e-01
4.018262028694152832e-01
1.347287297248840332e-01
5.374673604965209961e-01
4.035511016845703125e-01
6.601892709732055664e-01
4.657948911190032959e-01
2.992756962776184082e-01
2.328808903694152832e-01
5.709037780761718750e-01
7.259654998779296875e-01
4.473927915096282959e-01
4.219214022159576416e-01
4.702021181583404541e-01
3.823134005069732666e-01
6.328722238540649414e-01
6.973266601562500000e-01
4.068883061408996582e-01
5.331745147705078125e-01
5.208753347396850586e-01
4.682451784610748291e-01
3.098023533821105957e-01
4.734611511230468750e-01
5.016307830810546875e-01
5.739473104476928711e-01
6.644281148910522461e-01
2.825756072998046875e-01
6.177774667739868164e-01
6.049677133560180664e-01
7.262325286865234375e-01
4.399127960205078125e-01
4.467970430850982666e-01
6.291999816894531250e-01
5.717868804931640625e-01
6.516208648681640625e-01
-2.949461340904235840e-02
3.453209996223449707e-01
4.795951843261718750e-01
3.594557344913482666e-01
3.845780491828918457e-01
3.454004824161529541e-01
4.069131016731262207e-01
3.075675964355468750e-01
1.240094304084777832e-01
5.062185525894165039e-01
3.411801457405090332e-01
5.655193328857421875e-01
7.365589141845703125e-01
4.859879910945892334e-01
3.504784703254699707e-01
6.281929016113281250e-01
6.090017557144165039e-01
4.402662813663482666e-01
4.514980316162109375e-01
5.310077667236328125e-01
5.698045492172241211e-01
3.840141296386718750e-01
4.594046175479888916e-01
4.704767763614654541e-01
2.652168273925781250e-01
5.327644348144531250e-01
4.546756744384765625e-01
4.977207183837890625e-01
4.273541569709777832e-01
1.324723362922668457e-01
5.497118234634399414e-01
4.501139223575592041e-01
1.096865236759185791e-01
6.779676675796508789e-01
3.673203587532043457e-01
4.209486544132232666e-01
2.754993438720703125e-01
5.133310556411743164e-01
-1.036472320556640625e-01
2.837721407413482666e-01
1.599629521369934082e-01
3.722629547119140625e-01
3.381023406982421875e-01
5.050754547119140625e-01
5.029335021972656250e-01
6.347402334213256836e-01
4.385827481746673584e-01
3.172791600227355957e-01
3.380044102668762207e-01
4.319089055061340332e-01
9.321847558021545410e-02
4.291273653507232666e-01
4.466584622859954834e-01
6.931476593017578125e-01
3.558304905891418457e-01
4.654363095760345459e-01
2.284011840820312500e-01
-1.283798217773437500e-01
3.171310424804687500e-01
5.506401062011718750e-01
3.897297978401184082e-01
7.452386617660522461e-01
5.062344670295715332e-01
4.485905766487121582e-01
2.502790987491607666e-01
3.517239689826965332e-01
4.263578951358795166e-01
3.222567141056060791e-01
3.375511169433593750e-01
5.326099395751953125e-01
9.651809930801391602e-03
6.687043905258178711e-01
4.142811894416809082e-01
1.489626467227935791e-01
3.992512822151184082e-01
1.728928685188293457e-01
6.661523580551147461e-01
3.517138063907623291e-01
-2.244251966476440430e-02
3.079916536808013916e-01
6.516857147216796875e-01
3.455155491828918457e-01
5.087776184082031250e-01
3.039309084415435791e-01
3.641007542610168457e-01
5.229479074478149414e-01
5.119005441665649414e-01
4.647344052791595459e-01
4.664764404296875000e-01
6.172682046890258789e-01
4.291490018367767334e-01
4.554888308048248291e-01
4.753227233886718750e-01
6.000169515609741211e-01
6.085191965103149414e-01
6.845670938491821289e-01
6.343593597412109375e-01
4.474258422851562500e-01
2.813224792480468750e-01
3.588021397590637207e-01
4.772033691406250000e-01
5.445276498794555664e-01
4.551683962345123291e-01
3.920891880989074707e-01
5.274289846420288086e-01
5.166136026382446289e-01
4.821510314941406250e-01
1.944510042667388916e-01
3.378613591194152832e-01
6.506513357162475586e-01
3.499412536621093750e-01
5.963954925537109375e-01
2.806288301944732666e-01
5.671736001968383789e-01
2.355206608772277832e-01
-2.708454132080078125e-01
1.680844426155090332e-01
4.910246431827545166e-01
3.594277501106262207e-01
5.209509134292602539e-01
1.662622988224029541e-01
5.388532876968383789e-01
6.707025766372680664e-01
4.331124424934387207e-01
2.798913121223449707e-01
6.892935037612915039e-01
6.534322500228881836e-01
5.095952153205871582e-01
5.492655038833618164e-01
1.125793457031250000e-01
1.781399846076965332e-01
4.729804992675781250e-01
5.468298196792602539e-01
6.433358788490295410e-02
3.782717287540435791e-01
5.326398611068725586e-01
5.698782205581665039e-01
5.016059875488281250e-01
4.478727877140045166e-01
2.933483123779296875e-01
3.792800903320312500e-01
5.428136587142944336e-01
4.028917849063873291e-01
2.252298891544342041e-01
2.929369509220123291e-01
3.842805027961730957e-01
4.509798586368560791e-01
2.582397460937500000e-01
7.038084268569946289e-01
5.847638845443725586e-01
5.059604644775390625e-01
3.503990173339843750e-02
5.374902486801147461e-01
7.829347252845764160e-02
3.454577028751373291e-01
7.105236053466796875e-01
6.644338369369506836e-01
6.172937154769897461e-01
4.127864837646484375e-01
-1.125946044921875000e-01
4.528128206729888916e-01
3.637790679931640625e-01
5.104255676269531250e-02
6.388543844223022461e-01
5.778833627700805664e-01
1.306730806827545166e-01
3.854548037052154541e-01
3.005993962287902832e-01
5.425866842269897461e-01
6.130205392837524414e-01
2.756112217903137207e-01
4.165484011173248291e-01
4.569180607795715332e-01
6.394844055175781250e-01
3.507900238037109375e-01
6.246038675308227539e-01
5.363115072250366211e-01
5.400537252426147461e-01
3.855304718017578125e-01
2.157145738601684570e-02
5.688438415527343750e-01
5.116036534309387207e-01
-2.703285217285156250e-02
2.298698425292968750e-01
7.376512289047241211e-01
4.099782109260559082e-01
6.088905334472656250e-01
5.415597558021545410e-02
3.181927800178527832e-01
4.312527775764465332e-01
3.297119140625000000e-01
3.173567354679107666e-01
5.111770629882812500e-01
6.176916360855102539e-01
6.867815256118774414e-01
1.860046386718750000e-02
1.302909851074218750e-01
2.316728234291076660e-02
6.520118713378906250e-01
-2.616507411003112793e-01
5.458494424819946289e-01
7.451457977294921875e-01
-4.225203394889831543e-01
7.027753591537475586e-01
-1.591313779354095459e-01
3.316752016544342041e-01
5.097318887710571289e-01
6.468187570571899414e-01
-2.619355618953704834e-01
4.009323120117187500e-01
1.944413781166076660e-02
4.014072418212890625e-01
1.222527623176574707e-01
5.647144317626953125e-01
7.290769815444946289e-01
6.239484548568725586e-01
3.759778141975402832e-01
3.482742309570312500e-01
6.081562042236328125e-01
6.496543884277343750e-01
5.224851369857788086e-01
1.779174804687500000e-01
3.542353212833404541e-01
6.752738952636718750e-01
5.858987569808959961e-01
5.777752995491027832e-01
4.618771970272064209e-01
6.271909475326538086e-01
6.228294372558593750e-01
1.809654235839843750e-01
4.087111055850982666e-01
7.462387084960937500e-01
6.075140237808227539e-01
3.265889286994934082e-01
6.294397115707397461e-01
6.614640951156616211e-01
5.492916107177734375e-01
5.590299367904663086e-01
3.331438601016998291e-01
7.214317321777343750e-01
4.628912508487701416e-01
3.578516542911529541e-01
4.647935330867767334e-01
2.606143951416015625e-01
6.021906137466430664e-01
6.605364084243774414e-01
6.525377035140991211e-01
4.726893007755279541e-01
5.080280303955078125e-01
5.397123098373413086e-01
7.277349233627319336e-01
4.895865023136138916e-01
1.026821136474609375e-01
5.072530508041381836e-01
4.859447479248046875e-01
5.131645202636718750e-01
2.367687225341796875e-01
5.475763082504272461e-01
2.956962585449218750e-01
6.557985544204711914e-01
6.028188467025756836e-01
4.454065859317779541e-01
6.333326101303100586e-01
5.825124979019165039e-01
6.251131296157836914e-01
5.416704416275024414e-01
4.122765958309173584e-01
3.823986053466796875e-01
6.510791778564453125e-01
6.472409963607788086e-01
4.144821166992187500e-01
6.302223205566406250e-01
5.916875600814819336e-01
-8.825302124023437500e-02
6.063791513442993164e-01
4.474760591983795166e-01
4.278856813907623291e-01
4.990863800048828125e-01
8.311015367507934570e-02
6.186676025390625000e-01
4.282417297363281250e-01
2.873630523681640625e-01
3.131561279296875000e-01
-5.844497680664062500e-02
2.032966613769531250e-01
3.893553316593170166e-01
6.062088012695312500e-01
5.262018442153930664e-01
4.839038848876953125e-01
-8.570289611816406250e-02
5.400434732437133789e-01
4.651603698730468750e-01
3.467648625373840332e-01
4.253012239933013916e-01
3.608773350715637207e-01
5.064691305160522461e-01
6.883455514907836914e-01
4.868984222412109375e-01
5.788116455078125000e-01
6.320533752441406250e-01
4.760532379150390625e-01
5.033963322639465332e-01
5.349229574203491211e-01
4.889825284481048584e-01
2.391052246093750000e-01
5.673561096191406250e-01
7.331256866455078125e-01
4.427884221076965332e-01
4.518178105354309082e-01
4.328193664550781250e-01
6.011810302734375000e-01
5.583204030990600586e-01
4.971389770507812500e-01
6.340032815933227539e-01
6.477838754653930664e-01
6.183109283447265625e-01
2.399597167968750000e-01
5.311971902847290039e-01
3.795598149299621582e-01
3.966458439826965332e-01
4.269053041934967041e-01
3.594481050968170166e-01
5.770301818847656250e-01
3.467788696289062500e-01
7.385057210922241211e-01
3.835601806640625000e-01
5.296007394790649414e-01
4.715843200683593750e-01
5.600942373275756836e-01
3.920090794563293457e-01
4.811890721321105957e-01
6.741199493408203125e-01
7.259597778320312500e-01
3.535887300968170166e-01
5.867589712142944336e-01
2.666428685188293457e-01
4.941488802433013916e-01
6.084041595458984375e-01
5.784988403320312500e-01
4.918168485164642334e-01
3.778305053710937500e-01
6.300283670425415039e-01
4.896551668643951416e-01
4.971529543399810791e-01
2.193895876407623291e-01
1.364968419075012207e-01
6.259886026382446289e-01
4.560826420783996582e-01
6.034120321273803711e-01
3.968327641487121582e-01
5.617777109146118164e-01
5.597566366195678711e-01
5.255800485610961914e-01
4.028288424015045166e-01
6.971460580825805664e-01
5.351206064224243164e-01
3.982232213020324707e-01
5.105196237564086914e-01
3.171443939208984375e-01
5.483131408691406250e-01
6.015104055404663086e-01
3.291276097297668457e-01
5.153757333755493164e-01
6.996661424636840820e-02
6.180921792984008789e-01
2.544994354248046875e-01
2.818482518196105957e-01
6.472593545913696289e-01
8.123141527175903320e-02
4.842999875545501709e-01
7.234624624252319336e-01
3.313344120979309082e-01
4.237530827522277832e-01
4.536743164062500000e-01
1.071402132511138916e-01
6.529870629310607910e-02
2.437216341495513916e-01
3.433227539062500000e-01
2.421226501464843750e-01
5.362688302993774414e-01
5.127710103988647461e-01
2.755355834960937500e-01
3.344669342041015625e-01
5.703144073486328125e-01
5.421270132064819336e-01
3.938096165657043457e-01
7.203515768051147461e-01
5.529390573501586914e-01
1.465142369270324707e-01
8.150978088378906250e-01
5.634409189224243164e-01
6.614118814468383789e-01
1.178894042968750000e-01
5.363706350326538086e-01
7.124220132827758789e-01
-4.516476392745971680e-02
6.504884958267211914e-01
1.021900177001953125e-01
5.969098806381225586e-01
7.762609720230102539e-01
6.171716451644897461e-01
6.542237997055053711e-01
7.822543382644653320e-02
3.588142395019531250e-01
5.953845977783203125e-01
7.060337066650390625e-01
4.006257653236389160e-02
3.067995607852935791e-01
6.373049020767211914e-01
5.493602752685546875e-01
5.120035409927368164e-01
6.922811269760131836e-01
6.280441284179687500e-01
5.952821969985961914e-01
2.483450472354888916e-01
4.115587770938873291e-01
4.364827275276184082e-01
5.699800252914428711e-01
2.669372558593750000e-01
5.157266855239868164e-01
1.988722383975982666e-01
3.033993840217590332e-01
5.987701416015625000e-01
5.936349630355834961e-01
6.343218088150024414e-01
6.128545999526977539e-01
3.778470158576965332e-01
5.639533996582031250e-01
5.533962249755859375e-01
3.906313478946685791e-01
6.275018453598022461e-01
6.402467489242553711e-01
2.097867131233215332e-01
3.940359652042388916e-01
3.822148442268371582e-01
2.972094118595123291e-01
6.465390920639038086e-01
2.136955261230468750e-01
2.862542271614074707e-01
2.985756993293762207e-01
4.601332247257232666e-01
2.604706883430480957e-01
4.577172398567199707e-01
7.078202962875366211e-01
6.290460824966430664e-01
6.479225158691406250e-01
1.592680513858795166e-01
2.141138613224029541e-01
5.355898141860961914e-01
4.497057497501373291e-01
5.169219970703125000e-01
2.509396672248840332e-01
1.970888674259185791e-01
7.695789337158203125e-01
6.576703786849975586e-01
5.628356933593750000e-01
-1.294682919979095459e-01
4.775072634220123291e-01
6.770032644271850586e-01
6.457500457763671875e-01
6.591485738754272461e-01
5.529651641845703125e-01
5.096956491470336914e-01
4.916648864746093750e-01
3.824322819709777832e-01
7.391885519027709961e-01
4.380257725715637207e-01
5.506693124771118164e-01
3.297182619571685791e-01
6.127821207046508789e-01
2.406228184700012207e-01
7.112776041030883789e-01
5.355752706527709961e-01
6.544214487075805664e-01
2.241713106632232666e-01
5.042871236801147461e-01
7.294235229492187500e-01
3.570022583007812500e-01
3.522116243839263916e-01
4.287389218807220459e-01
7.186464071273803711e-01
4.677321016788482666e-01
6.103090047836303711e-01
4.321511387825012207e-01
3.020852208137512207e-01
-6.239002943038940430e-02
6.473655700683593750e-01
7.749004364013671875e-01
4.287980198860168457e-01
1.151841282844543457e-01
2.043685913085937500e-01
5.815263986587524414e-01
5.945104360580444336e-01
5.963624715805053711e-01
5.176925659179687500e-01
3.449020385742187500e-01
6.421152353286743164e-01
4.280122220516204834e-01
3.536217808723449707e-01
4.122403264045715332e-01
4.436931610107421875e-01
1.405601501464843750e-01
4.915981292724609375e-01
4.088980257511138916e-01
3.129704594612121582e-01
6.021194458007812500e-01
6.152572631835937500e-01
5.789788961410522461e-01
5.602957010269165039e-01
4.487565159797668457e-01
5.167560577392578125e-01
5.624281167984008789e-01
5.100408792495727539e-01
4.033088684082031250e-01
4.042669832706451416e-01
6.750202178955078125e-01
7.266025543212890625e-01
1.642182469367980957e-01
1.409543156623840332e-01
6.979898214340209961e-01
3.581943511962890625e-01
1.740728914737701416e-01
6.510415673255920410e-02
4.085362553596496582e-01
6.321424245834350586e-01
4.003817141056060791e-01
5.649198293685913086e-01
6.912130117416381836e-01
7.394689321517944336e-01
6.918004751205444336e-01
4.007148742675781250e-01
2.491327822208404541e-01
4.028536379337310791e-01
4.292634129524230957e-01
1.864624023437500000e-01
3.107884526252746582e-01
5.011984109878540039e-01
1.550210118293762207e-01
1.054553985595703125e-01
4.140586853027343750e-01
4.715715944766998291e-01
2.564747929573059082e-01
1.492614746093750000e-01
5.664907693862915039e-01
4.554474949836730957e-01
5.326385498046875000e-01
4.042752385139465332e-01
1.043968200683593750e-01
4.496466219425201416e-01
5.126622915267944336e-01
5.614305734634399414e-01
4.969463348388671875e-01
6.194947957992553711e-01
4.793548583984375000e-01
5.079332590103149414e-01
6.114368438720703125e-01
3.454418182373046875e-01
2.923965454101562500e-01
2.003377079963684082e-01
6.269569396972656250e-01
3.769226074218750000e-01
6.980152130126953125e-01
6.096006631851196289e-01
6.041126251220703125e-01
3.428974151611328125e-01
3.457724153995513916e-01
4.834346771240234375e-01
4.027124941349029541e-01
3.540954589843750000e-01
4.412142336368560791e-01
5.947927236557006836e-01
2.294928133487701416e-01
6.125456094741821289e-01
4.652576446533203125e-01
4.952881932258605957e-01
4.859600067138671875e-01
5.545781850814819336e-01
3.456617891788482666e-01
4.103488922119140625e-01
6.997083425521850586e-01
3.482348024845123291e-01
4.260540008544921875e-01
3.914489746093750000e-01
2.898610234260559082e-01
6.869519948959350586e-01
4.378820955753326416e-01
1.593939363956451416e-01
4.052429199218750000e-01
1.377182006835937500e-01
3.883743286132812500e-01
2.787653505802154541e-01
4.095007479190826416e-01
7.041429281234741211e-01
3.811836242675781250e-01
3.960533142089843750e-01
5.746618509292602539e-01
5.120709538459777832e-01
7.598304748535156250e-01
3.013451695442199707e-01
3.666165471076965332e-01
4.082552492618560791e-01
1.709035038948059082e-01
7.383302450180053711e-01
6.141815185546875000e-01
6.218782663345336914e-01
4.911861419677734375e-01
5.997873544692993164e-01
1.080137789249420166e-01
6.085828542709350586e-01
1.910457611083984375e-01
6.776689291000366211e-01
2.797857820987701416e-01
5.337396860122680664e-01
4.088115692138671875e-01
7.337564229965209961e-01
5.723184347152709961e-01
2.467072606086730957e-01
5.435434579849243164e-01
3.897902071475982666e-01
6.607971191406250000e-01
6.330922842025756836e-01
5.681756734848022461e-01
5.451412200927734375e-01
4.443492889404296875e-01
7.332197427749633789e-01
2.823009490966796875e-01
5.391178131103515625e-01
3.969319462776184082e-01
5.717042684555053711e-01
4.316596984863281250e-01
3.377392888069152832e-01
2.668412327766418457e-01
4.665756225585937500e-01
5.150623321533203125e-01
3.704789280891418457e-01
6.323877573013305664e-01
2.961374819278717041e-01
6.245523691177368164e-01
5.546506643295288086e-01
1.716442108154296875e-01
-5.231794714927673340e-02
5.762830972671508789e-01
3.688780367374420166e-01
4.496567845344543457e-01
4.031658172607421875e-01
4.147650301456451416e-01
5.619544982910156250e-01
3.953927159309387207e-01
3.914794921875000000e-01
6.173681020736694336e-01
4.010804593563079834e-01
3.265908360481262207e-01
4.523372650146484375e-01
4.544391632080078125e-01
7.539888620376586914e-01
6.987653970718383789e-01
5.384591817855834961e-01
6.653608083724975586e-01
5.815010070800781250e-01
3.961200714111328125e-01
3.008575439453125000e-01
5.951703786849975586e-01
2.629909515380859375e-01
3.265183568000793457e-01
3.602110445499420166e-01
5.062299966812133789e-01
2.642567753791809082e-01
4.752343595027923584e-01
5.829156637191772461e-01
2.652111053466796875e-01
5.804361104965209961e-01
7.163944244384765625e-01
4.764429628849029541e-01
6.815229654312133789e-01
2.172781527042388916e-01
5.211168527603149414e-01
5.665683746337890625e-01
3.353481292724609375e-01
5.062707662582397461e-01
5.482813119888305664e-01
4.515991210937500000e-01
6.824678182601928711e-01
6.091855764389038086e-01
2.361164093017578125e-01
5.908952951431274414e-01
5.363324284553527832e-01
2.650737762451171875e-01
6.520500183105468750e-01
4.358234405517578125e-01
4.446519017219543457e-01
3.769022524356842041e-01
4.360179901123046875e-01
3.698177337646484375e-01
7.074819803237915039e-01
2.577044069766998291e-01
5.245527029037475586e-01
6.044362783432006836e-01
6.727002859115600586e-01
2.572803497314453125e-01
6.021041870117187500e-01
6.267261505126953125e-01
4.751873016357421875e-01
6.773363351821899414e-01
1.811504364013671875e-01
7.126274108886718750e-01
4.995841979980468750e-01
6.939996480941772461e-01
3.722394108772277832e-01
4.614130556583404541e-01
6.596895456314086914e-01
1.811434328556060791e-01
6.080703735351562500e-01
3.882910311222076416e-01
6.190738677978515625e-01
2.532094120979309082e-01
5.023460388183593750e-01
1.727975010871887207e-01
5.412387847900390625e-01
3.136901855468750000e-01
4.329439699649810791e-01
9.375634789466857910e-02
3.791885375976562500e-01
4.917564392089843750e-01
5.975087881088256836e-01
4.364731907844543457e-01
1.430752873420715332e-01
5.901203155517578125e-01
5.936673879623413086e-01
1.841080784797668457e-01
5.670541524887084961e-01
6.004053354263305664e-01
5.456606149673461914e-01
5.399736166000366211e-01
4.407272338867187500e-01
1.626135408878326416e-01
2.615693211555480957e-01
4.808063507080078125e-01
4.896602630615234375e-01
6.895732879638671875e-01
4.758701324462890625e-01
2.485364079475402832e-01
4.422963261604309082e-01
2.299028933048248291e-01
7.226028442382812500e-01
3.667570650577545166e-01
6.026338338851928711e-01
2.033659517765045166e-01
6.702531576156616211e-01
6.141262054443359375e-01
4.391155242919921875e-01
6.054948568344116211e-01
3.073278963565826416e-01
6.933021545410156250e-01
5.920587778091430664e-01
4.591312408447265625e-01
2.995344698429107666e-01
3.468246459960937500e-01
3.801549077033996582e-01
4.001896977424621582e-01
3.755397796630859375e-01
4.710445404052734375e-01
2.867692112922668457e-01
6.336625814437866211e-01
1.174678802490234375e-01
6.142820119857788086e-01
4.787203371524810791e-01
6.906362771987915039e-01
6.031957864761352539e-01
7.011686563491821289e-01
2.589581608772277832e-01
5.462213754653930664e-01
3.117205202579498291e-01
3.867543339729309082e-01
1.867980957031250000e-01
4.805870056152343750e-01
5.447603464126586914e-01
3.936621248722076416e-01
1.667461395263671875e-01
4.365850985050201416e-01
3.478927612304687500e-01
4.325529634952545166e-01
6.569862365722656250e-01
6.082433462142944336e-01
1.622377932071685791e-01
-1.860803067684173584e-01
3.892243504524230957e-01
5.184015035629272461e-01
4.782593846321105957e-01
1.227652132511138916e-01
4.015572667121887207e-01
1.711451113224029541e-01
2.884546816349029541e-01
3.416163027286529541e-01
4.622351229190826416e-01
6.591072082519531250e-01
6.229686737060546875e-01
5.528888702392578125e-01
6.882444620132446289e-01
-4.168829321861267090e-02
5.942153930664062500e-02
2.500667572021484375e-01
3.062648773193359375e-01
5.065244436264038086e-01
6.165231466293334961e-01
6.485220193862915039e-01
1.023209691047668457e-01
4.795125126838684082e-01
4.508349001407623291e-01
6.318982839584350586e-01
5.742048025131225586e-01
1.582883000373840332e-01
4.333248138427734375e-01
5.479940176010131836e-01
6.449991464614868164e-01
3.943831026554107666e-01
4.783725738525390625e-01
2.785256505012512207e-01
-2.233505249023437500e-03
4.006671905517578125e-01
7.232850790023803711e-01
5.176149606704711914e-01
7.504183053970336914e-01
4.566904604434967041e-01
7.039827108383178711e-01
6.778736114501953125e-01
3.996887207031250000e-01
4.216976165771484375e-01
5.994930267333984375e-01
7.723298668861389160e-02
4.018719792366027832e-01
4.062264561653137207e-01
2.203705906867980957e-01
5.670108795166015625e-01
3.406015038490295410e-02
5.541661977767944336e-01
5.336099863052368164e-01
4.519176483154296875e-01
5.748093128204345703e-03
6.348024606704711914e-01
5.454254150390625000e-01
2.862052917480468750e-01
3.893623352050781250e-01
2.910067141056060791e-01
5.924466848373413086e-01
4.686094820499420166e-01
4.587770998477935791e-01
6.286245584487915039e-01
4.272232055664062500e-01
4.323272705078125000e-01
4.566694796085357666e-01
4.796282351016998291e-01
3.932825624942779541e-01
4.894447326660156250e-01
4.943777620792388916e-01
2.983468174934387207e-01
6.983795166015625000e-01
2.445004582405090332e-01
5.338783264160156250e-01
-1.423206329345703125e-01
-7.162922620773315430e-02
8.142471313476562500e-02
4.236526489257812500e-01
4.140987396240234375e-01
6.254247426986694336e-01
6.826738119125366211e-01
6.783643960952758789e-01
2.645994722843170166e-01
5.365613698959350586e-01
4.474906921386718750e-01
5.879396200180053711e-01
5.782165527343750000e-01
2.551218569278717041e-01
4.544728696346282959e-01
6.753736734390258789e-01
6.949138641357421875e-01
4.924131929874420166e-01
1.718088686466217041e-01
1.238180696964263916e-01
2.562630772590637207e-01
5.074049234390258789e-01
7.190284729003906250e-01
6.246439218521118164e-01
6.293550133705139160e-02
2.045453190803527832e-01
6.389230489730834961e-01
4.335028231143951416e-01
6.663843393325805664e-01
3.965962529182434082e-01
7.404708862304687500e-02
5.583127737045288086e-01
3.939520418643951416e-01
7.130979299545288086e-01
3.822084963321685791e-01
4.634571075439453125e-01
6.030877828598022461e-01
6.584371328353881836e-01
3.472480773925781250e-01
2.752564549446105957e-01
7.014833688735961914e-01
1.764710545539855957e-01
5.181688070297241211e-01
6.282691955566406250e-01
3.433488011360168457e-01
4.887784123420715332e-01
2.432244420051574707e-01
3.880405426025390625e-01
3.937225341796875000e-01
5.110155344009399414e-01
3.705075383186340332e-01
6.487032175064086914e-01
7.215982675552368164e-01
5.625768899917602539e-01
3.510544896125793457e-01
1.907755434513092041e-01
5.609741210937500000e-01
7.140184640884399414e-01
4.747791290283203125e-01
5.674909353256225586e-01
2.299747467041015625e-01
5.684394836425781250e-01
5.715662240982055664e-01
5.952326059341430664e-01
6.726245880126953125e-01
3.188641667366027832e-01
5.434519052505493164e-01
2.419954836368560791e-01
4.247652590274810791e-01
9.273910522460937500e-02
2.998701632022857666e-01
2.242870330810546875e-01
6.956850290298461914e-01
1.260007023811340332e-01
8.957415819168090820e-02
5.500742197036743164e-01
5.770364999771118164e-01
1.267820894718170166e-01
2.908649444580078125e-01
4.613946378231048584e-01
5.430450439453125000e-01
6.430383920669555664e-01
6.048851013183593750e-01
5.699361562728881836e-01
7.360044717788696289e-01
6.348934173583984375e-01
4.159800112247467041e-01
3.865176439285278320e-02
6.671861410140991211e-01
2.805398106575012207e-01
6.523017883300781250e-01
1.093552708625793457e-01
5.903936624526977539e-01
5.279337167739868164e-01
7.070871591567993164e-01
3.076775670051574707e-01
6.307176351547241211e-01
4.991098940372467041e-01
5.141302347183227539e-01
1.806233525276184082e-01
1.026535034179687500e-02
-1.284160614013671875e-01
3.865699768066406250e-01
1.010525822639465332e-01
3.847567141056060791e-01
5.604978799819946289e-01
4.509626924991607666e-01
7.289212942123413086e-01
5.146757364273071289e-01
7.836252450942993164e-01
7.639427185058593750e-01
4.922834932804107666e-01
3.170363008975982666e-01
6.323369741439819336e-01
7.196382284164428711e-01
3.126188814640045166e-01
4.585367739200592041e-01
5.920339822769165039e-01
2.328522801399230957e-01
8.649697899818420410e-02
2.835496068000793457e-01
6.734842061996459961e-01
3.645401000976562500e-01
7.120615243911743164e-01
4.444452822208404541e-01
3.286476135253906250e-01
2.855434417724609375e-01
3.647867739200592041e-01
2.315953373908996582e-01
7.178510427474975586e-01
5.606569051742553711e-01
4.937114715576171875e-01
2.939808964729309082e-01
5.071061849594116211e-01
4.845809936523437500e-01
3.216037750244140625e-01
4.797242581844329834e-01
1.920426487922668457e-01
5.651980638504028320e-02
4.864552617073059082e-01
2.642103731632232666e-01
3.184846043586730957e-01
6.148185729980468750e-01
4.724369049072265625e-01
3.272628784179687500e-01
8.564883470535278320e-02
3.310998082160949707e-01
6.395517587661743164e-01
2.377516329288482666e-01
7.947540283203125000e-02
4.749228060245513916e-01
6.836668252944946289e-01
4.123516082763671875e-01
4.261716008186340332e-01
4.127858281135559082e-01
5.079141855239868164e-01
7.634474039077758789e-01
6.052888631820678711e-01
3.853314518928527832e-01
6.524810791015625000e-01
3.902174532413482666e-01
2.368901371955871582e-01
5.999704599380493164e-01
2.982419133186340332e-01
6.855258941650390625e-01
2.489280700683593750e-01
5.667806863784790039e-01
4.059950411319732666e-01
4.433619081974029541e-01
4.207420349121093750e-02
5.193195343017578125e-01
4.871012270450592041e-01
3.429228365421295166e-01
2.727978825569152832e-01
6.024761199951171875e-01
1.006393432617187500e-01
9.199076890945434570e-02
2.448844909667968750e-01
4.212372899055480957e-01
5.217748880386352539e-01
4.013468325138092041e-01
5.566488504409790039e-01
3.166173100471496582e-01
5.275306701660156250e-01
4.127655029296875000e-01
2.488180696964263916e-01
6.678873300552368164e-01
5.857023000717163086e-01
6.582628488540649414e-01
1.731846928596496582e-01
3.265641331672668457e-01
3.522923588752746582e-01
5.217145681381225586e-01
6.801847219467163086e-01
6.041387319564819336e-01
1.092249453067779541e-01
5.480632781982421875e-01
3.936532437801361084e-01
4.215615391731262207e-01
2.805760502815246582e-01
4.341780245304107666e-01
6.869983673095703125e-01
3.234341740608215332e-01
-1.367253065109252930e-02
1.740474700927734375e-01
3.781871795654296875e-01
6.324571371078491211e-01
6.328754425048828125e-01
6.768518686294555664e-01
5.336908102035522461e-01
1.184202730655670166e-01
1.636708378791809082e-01
1.150919497013092041e-01
5.463364720344543457e-01
5.576769113540649414e-01
3.574028015136718750e-01
3.005962371826171875e-01
5.855121612548828125e-01
7.463741302490234375e-01
5.044397115707397461e-01
3.301226198673248291e-01
5.256761312484741211e-01
3.643271028995513916e-01
-1.781719923019409180e-02
4.075857698917388916e-01
6.844202280044555664e-01
5.709056854248046875e-01
4.640833437442779541e-01
6.478385925292968750e-01
5.517832040786743164e-01
2.398656010627746582e-01
7.247142791748046875e-01
3.423099517822265625e-01
2.210693359375000000e-01
5.477231740951538086e-01
3.950347900390625000e-01
4.952665865421295166e-01
5.311235189437866211e-01
7.003669738769531250e-01
3.062031865119934082e-01
9.283691644668579102e-03
5.805950164794921875e-01
3.553663790225982666e-01
4.854532778263092041e-01
-8.868283033370971680e-02
1.084499359130859375e-01
4.689763188362121582e-01
5.977910757064819336e-01
3.728383183479309082e-01
4.422855377197265625e-01
4.513562321662902832e-01
2.591196596622467041e-01
1.705996096134185791e-01
8.109918236732482910e-02
7.129434347152709961e-01
4.431406557559967041e-01
2.397543489933013916e-01
1.720555424690246582e-01
5.817056894302368164e-01
3.163108825683593750e-01
-2.440643310546875000e-02
5.120168924331665039e-01
4.795500338077545166e-01
3.843752443790435791e-01
6.098486185073852539e-01
6.476587057113647461e-01
2.407398223876953125e-01
2.731310427188873291e-01
2.859757542610168457e-01
4.286766052246093750e-01
4.373925328254699707e-01
6.036033630371093750e-01
3.402608036994934082e-01
2.759996950626373291e-01
5.216802358627319336e-01
1.027380526065826416e-01
5.056114196777343750e-01
6.147327423095703125e-01
1.163425445556640625e-01
6.279081106185913086e-01
5.280094146728515625e-01
5.151869058609008789e-01
5.431131124496459961e-01
1.674613952636718750e-01
4.854450225830078125e-01
5.847078561782836914e-01
5.965257883071899414e-01
6.750532388687133789e-01
7.015691995620727539e-01
2.388235628604888916e-01
4.242407381534576416e-01
7.407850027084350586e-01
4.697786867618560791e-01
7.146497964859008789e-01
1.436684727668762207e-01
3.823369145393371582e-01
3.145771026611328125e-01
6.925779581069946289e-01
4.997081756591796875e-01
5.764478445053100586e-01
6.900577545166015625e-01
6.159673929214477539e-01
4.813448488712310791e-01
6.130193471908569336e-01
2.674782872200012207e-01
3.101577758789062500e-01
6.500695943832397461e-01
6.193389892578125000e-01
7.078348398208618164e-01
4.852002561092376709e-01
4.968560338020324707e-01
4.607302248477935791e-01
4.212722778320312500e-01
4.226760864257812500e-01
4.547010958194732666e-01
3.903859257698059082e-01
5.773054361343383789e-01
6.197547912597656250e-01
6.700261831283569336e-01
2.775929570198059082e-01
6.053136587142944336e-01
2.413024902343750000e-01
1.507574617862701416e-01
7.989120483398437500e-02
2.408943176269531250e-01
6.081867218017578125e-01
3.170706331729888916e-01
6.164608001708984375e-01
5.610898733139038086e-01
2.631600499153137207e-01
6.435025930404663086e-01
4.484990239143371582e-01
7.542845010757446289e-01
5.079758763313293457e-01
4.952564239501953125e-01
2.524553835391998291e-01
3.490149080753326416e-01
2.297121584415435791e-01
3.652667999267578125e-01
4.096387028694152832e-01
5.745729207992553711e-01
2.882690429687500000e-01
5.537058115005493164e-01
1.364631652832031250e-01
5.318208932876586914e-01
2.727508544921875000e-01
3.529503941535949707e-01
5.466670989990234375e-01
1.407934725284576416e-01
6.822668313980102539e-01
6.352754831314086914e-01
3.912995457649230957e-01
6.241582632064819336e-01
3.557999730110168457e-01
4.010708928108215332e-01
5.707550048828125000e-01
3.385956883430480957e-01
4.522711336612701416e-01
4.149837493896484375e-01
1.055183410644531250e-01
3.022810518741607666e-01
6.526960134506225586e-01
5.484842061996459961e-01
2.248433232307434082e-01
4.089705049991607666e-01
3.057727813720703125e-01
3.622665405273437500e-01
2.762444615364074707e-01
5.553220510482788086e-01
6.674137115478515625e-01
4.283873140811920166e-01
5.407472848892211914e-01
4.578157961368560791e-01
2.437883913516998291e-01
6.897596120834350586e-01
7.094548940658569336e-01
6.729596853256225586e-01
5.581251382827758789e-01
7.303962707519531250e-01
2.446632385253906250e-01
3.858610689640045166e-01
7.255541086196899414e-01
2.052822113037109375e-01
4.328301548957824707e-01
6.869844198226928711e-01
6.267127990722656250e-01
5.492967367172241211e-01
1.664282381534576416e-01
7.114130258560180664e-01
7.458807229995727539e-01
6.324297189712524414e-01
7.037525177001953125e-01
6.000696420669555664e-01
4.073797762393951416e-01
3.927822113037109375e-01
4.218609929084777832e-01
6.394144296646118164e-01
7.443555593490600586e-01
5.131162405014038086e-01
4.205252230167388916e-01
6.286405324935913086e-01
3.816750645637512207e-01
3.199074864387512207e-01
5.239162445068359375e-01
5.269641876220703125e-01
4.710445404052734375e-01
7.148532867431640625e-01
6.878553628921508789e-01
3.289209902286529541e-01
3.070405125617980957e-01
3.236744999885559082e-01
6.385993957519531250e-01
1.252829134464263916e-01
5.047537088394165039e-01
4.929116666316986084e-01
6.960029602050781250e-01
2.564907073974609375e-01
4.971275329589843750e-01
3.306159973144531250e-01
6.040827035903930664e-01
6.375656127929687500e-01
6.331920623779296875e-01
5.275586843490600586e-01
4.868513643741607666e-01
5.690288543701171875e-01
4.588896334171295166e-01
5.329742431640625000e-01
2.243804931640625000e-01
2.576789855957031250e-01
6.341825723648071289e-01
5.673936605453491211e-01
6.145471334457397461e-01
5.934664011001586914e-01
4.726079106330871582e-01
6.502145528793334961e-01
2.017987370491027832e-01
2.939338684082031250e-01
6.095091104507446289e-01
2.259381413459777832e-01
6.305204629898071289e-01
3.323987126350402832e-01
5.477575063705444336e-01
7.216726541519165039e-01
6.169198751449584961e-01
4.226818084716796875e-01
3.238391876220703125e-01
3.841501772403717041e-01
2.704874575138092041e-01
2.754923403263092041e-01
6.338939666748046875e-01
5.744463205337524414e-01
5.657297372817993164e-01
-9.778785705566406250e-02
5.233961343765258789e-01
-1.408514380455017090e-02
5.357462167739868164e-01
4.917583465576171875e-01
5.454025268554687500e-01
5.220266580581665039e-01
5.771566629409790039e-01
5.878900289535522461e-01
5.258306264877319336e-01
5.204995870590209961e-01
2.669531404972076416e-01
3.568947911262512207e-01
6.678689718246459961e-01
1.780179142951965332e-01
3.462149202823638916e-01
4.539839327335357666e-01
5.162124633789062500e-01
3.093566894531250000e-01
4.987188875675201416e-01
2.126388549804687500e-01
4.260482788085937500e-01
4.266694188117980957e-01
5.286115407943725586e-01
5.985692739486694336e-01
3.287467956542968750e-01
4.950625002384185791e-01
2.111701965332031250e-01
3.095009922981262207e-01
7.142385244369506836e-01
3.054135441780090332e-01
7.340030670166015625e-01
4.466247558593750000e-01
6.463857889175415039e-01
3.594786226749420166e-01
6.435884237289428711e-01
4.133961796760559082e-01
3.602275848388671875e-01
-3.521912992000579834e-01
6.198940277099609375e-01
4.426797032356262207e-01
6.438432931900024414e-01
4.399509429931640625e-01
4.388275146484375000e-01
6.609643697738647461e-01
8.970323204994201660e-02
7.658519744873046875e-01
4.742012023925781250e-01
1.258290410041809082e-01
1.531518101692199707e-01
4.166145324707031250e-01
3.038469851016998291e-01
3.633193969726562500e-01
4.442806243896484375e-01
1.343123018741607666e-01
6.926721334457397461e-01
5.863469839096069336e-01
3.255837559700012207e-01
2.372328341007232666e-01
4.690290987491607666e-01
6.418481469154357910e-02
4.789403378963470459e-01
4.509340822696685791e-01
5.050691366195678711e-01
6.794427633285522461e-01
2.608903050422668457e-01
2.912464141845703125e-01
1.992282867431640625e-01
5.952936410903930664e-01
7.326894998550415039e-01
6.262136697769165039e-01
5.830675363540649414e-01
6.257985830307006836e-01
4.704347252845764160e-02
5.931224822998046875e-01
4.679870605468750000e-01
7.143287658691406250e-01
4.580065310001373291e-01
1.739527285099029541e-01
7.646274566650390625e-01
6.683750152587890625e-01
6.766134500503540039e-01
3.397731781005859375e-01
5.167172551155090332e-01
5.515708923339843750e-01
5.030580759048461914e-01
3.200441896915435791e-01
5.497754812240600586e-01
2.996514439582824707e-01
5.697587728500366211e-01
3.072560429573059082e-01
3.914451599121093750e-02
5.252176523208618164e-01
4.771137237548828125e-01
3.144766390323638916e-01
1.588280797004699707e-01
-2.864837646484375000e-03
5.082181692123413086e-01
3.430290222167968750e-01
5.507246255874633789e-01
7.000961303710937500e-01
4.825426638126373291e-01
4.569822847843170166e-01
2.666733860969543457e-01
5.220661163330078125e-01
3.761653900146484375e-01
5.689424276351928711e-01
4.920717775821685791e-01
7.625598907470703125e-01
5.480562448501586914e-01
5.089588165283203125e-01
2.645746767520904541e-01
2.845808565616607666e-01
4.494329988956451416e-01
4.735851287841796875e-01
6.152166128158569336e-01
4.674911499023437500e-02
4.350979924201965332e-01
5.278040170669555664e-01
1.023909151554107666e-01
5.473950505256652832e-01
5.512809753417968750e-01
1.380138397216796875e-01
6.795221567153930664e-01
2.080198824405670166e-01
3.271827697753906250e-01
7.705827951431274414e-01
6.102027893066406250e-01
5.396512150764465332e-01
7.241687774658203125e-01
6.221561431884765625e-01
4.924494326114654541e-01
5.020288228988647461e-01
4.451999664306640625e-01
6.049054861068725586e-01
8.281260728836059570e-02
4.306723177433013916e-01
-1.323197782039642334e-01
6.386547088623046875e-01
5.520381927490234375e-01
3.653907775878906250e-02
5.935674905776977539e-01
5.356502532958984375e-01
3.991654515266418457e-01
5.597621202468872070e-02
5.885562896728515625e-01
1.664962768554687500e-01
2.381521761417388916e-01
4.330781102180480957e-01
4.500509798526763916e-01
4.561672210693359375e-01
4.440339207649230957e-01
3.849474489688873291e-01
1.922047734260559082e-01
6.727758646011352539e-01
4.996471405029296875e-01
4.297447204589843750e-01
4.614575505256652832e-01
5.588798522949218750e-01
6.315155029296875000e-01
2.499688267707824707e-01
6.240457296371459961e-01
5.056298971176147461e-01
7.201856374740600586e-01
5.466104745864868164e-01
7.344373464584350586e-01
5.711721181869506836e-01
7.049375772476196289e-01
