1
0.897463142871856689453125
0.860983669757843017578125
0.744724273681640625
0.658179223537445068359375
0.583273112773895263671875
0.5281221866607666015625
0.838554859161376953125
0.474051177501678466796875
0.55642092227935791015625
0.51506769657135009765625
0.47828006744384765625
0.3158431351184844970703125
0.3536432683467864990234375
0.7260596752166748046875
0.583160221576690673828125
0.347683489322662353515625
0.59384381771087646484375
0.3504979908466339111328125
0.3663112223148345947265625
0.3170931637287139892578125
0.508306980133056640625
0.29387438297271728515625
0.540509283542633056640625
0.2642214298248291015625
0.37928736209869384765625
0.2427245676517486572265625
0.3751927912235260009765625
0.253639698028564453125
0.2893010079860687255859375
0.2737266123294830322265625
0.23312930762767791748046875
0.19815315306186676025390625
0.1921095550060272216796875
0.20267164707183837890625
0.24973095953464508056640625
0.22060357034206390380859375
0.21982957422733306884765625
0.18200458586215972900390625
0.214461386203765869140625
0.283690392971038818359375
0.3263191878795623779296875
0.16694806516170501708984375
0.38027667999267578125
0.15150626003742218017578125
0.1795265972614288330078125
0.1653058528900146484375
0.144638478755950927734375
0.1587831974029541015625
0.11492837220430374145507812
0.700709402561187744140625
0.1575566828250885009765625
0.21027956902980804443359375
0.1291897296905517578125
0.20166666805744171142578125
0.12000813335180282592773438
0.29314744472503662109375
0.280132114887237548828125
0.1102051436901092529296875
0.10438974201679229736328125
0.14168488979339599609375
0.4210061132907867431640625
0.097438655793666839599609375
0.1726982891559600830078125
0.15816824138164520263671875
0.10090462118387222290039062
0.10200756043195724487304688
0.1709264218807220458984375
0.19456820189952850341796875
0.16643713414669036865234375
0.13519890606403350830078125
0.08812321722507476806640625
0.092856995761394500732421875
0.1698262691497802734375
0.0908910334110260009765625
0.076087109744548797607421875
0.099365793168544769287109375
0.12011551111936569213867188
0.06407509744167327880859375
0.094194985926151275634765625
0.1621246039867401123046875
0.061911534518003463745117188
0.21582795679569244384765625
0.064676024019718170166015625
0.15559656918048858642578125
0.17158542573451995849609375
0.1508753299713134765625
0.10032464563846588134765625
0.1625878810882568359375
0.10860731452703475952148438
0.05685959756374359130859375
0.061533685773611068725585938
0.401096642017364501953125
0.074301056563854217529296875
0.048661954700946807861328125
0.069795437157154083251953125
0.185060918331146240234375
0.2652255594730377197265625
0.047948639839887619018554688
0.077011622488498687744140625
0.083660505712032318115234375
0.056594397872686386108398438
0.07258640229701995849609375
0.12288033962249755859375
0.12562906742095947265625
0.09377910196781158447265625
0.0391663014888763427734375
0.0643133819103240966796875
0.1777046620845794677734375
0.04587580263614654541015625
0.11386393010616302490234375
0.03509072959423065185546875
0.038283150643110275268554688
0.040151935070753097534179688
0.049818865954875946044921875
0.2601564824581146240234375
0.08231829106807708740234375
0.037219431251287460327148438
0.025996234267950057983398438
0.13662441074848175048828125
0.036397341638803482055664062
0.1862439811229705810546875
0.012144425883889198303222656
0.0053209927864372730255126953
0.12065429240465164184570312
0.06463225185871124267578125
0.10193026810884475708007812
0.0085628610104322433471679688
0.0863229930400848388671875
0.038098711520433425903320312
0.015980416908860206604003906
0.0080872066318988800048828125
0.024157339707016944885253906
0.06929729878902435302734375
0.010888763703405857086181641
0.034354347735643386840820312
0.056353934109210968017578125
0.010098846629261970520019531
0.080359704792499542236328125
0.09090591967105865478515625
0.015709381550550460815429688
0.05766339600086212158203125
0.047136358916759490966796875
0.0976588428020477294921875
0.026423787698149681091308594
0.01648961007595062255859375
0.024203395470976829528808594
0.01953303813934326171875
0.014386402443051338195800781
0.025687869638204574584960938
0.011193557642400264739990234
0.0362810194492340087890625
0.012830578722059726715087891
0.011290160939097404479980469
0.15335047245025634765625
0.148941338062286376953125
0.087002925574779510498046875
0.0311754643917083740234375
0.11225397139787673950195312
0.043735444545745849609375
0.062504075467586517333984375
0.06677155196666717529296875
0.0011216360144317150115966797
0.039954211562871932983398438
0.0020051272585988044738769531
0.16640628874301910400390625
0.0010378102306276559829711914
0.023759413510560989379882812
0.08031900227069854736328125
0.025658102706074714660644531
0.045037925243377685546875
0.14423890411853790283203125
0.075639717280864715576171875
0.019114349037408828735351562
0.022819977253675460815429688
1.4668022174646466737613082e-07
0.2008093893527984619140625
0.039593335241079330444335938
0.018964188173413276672363281
0.12525714933872222900390625
0.190221607685089111328125
0.37913072109222412109375
0.029430346563458442687988281
0.080912508070468902587890625
0.128144919872283935546875
0.040900610387325286865234375
0.021210718899965286254882812
0.034513395279645919799804688
0.03996574878692626953125
0.085496790707111358642578125
0.08254802227020263671875
0.08936978876590728759765625
0.01997996866703033447265625
0.023510022088885307312011719
0.041886098682880401611328125
0.03417108952999114990234375
0.02696509659290313720703125
0.040213692933320999145507812
0.0063210260123014450073242188
0.022481966763734817504882812
0.027457058429718017578125
0.032223697751760482788085938
0.030182512477040290832519531
0.039450697600841522216796875
0.043441701680421829223632812
0.06962381303310394287109375
0.084249474108219146728515625
0.022339809685945510864257812
0.0203369557857513427734375
0.032202638685703277587890625
0.13248462975025177001953125
0.010665307752788066864013672
0.065866291522979736328125
0.047571253031492233276367188
0.03336583077907562255859375
0.3297986090183258056640625
0.032386537641286849975585938
0.0097775245085358619689941406
0.076425187289714813232421875
0.09218227863311767578125
0.022719664499163627624511719
0.092024840414524078369140625
0.015729401260614395141601562
0.1990801990032196044921875
0.0069371331483125686645507812
0.032777141779661178588867188
0.051383394747972488403320312
0.0059569580480456352233886719
0.0434814989566802978515625
0.047593660652637481689453125
0.01367120444774627685546875
0.056042078882455825805664062
0.055011276155710220336914062
0.031033730134367942810058594
0.11736749112606048583984375
0.047525901347398757934570312
0.025591446086764335632324219
0.014583800919353961944580078
0.077809445559978485107421875
0.036792539060115814208984375
0.13102515041828155517578125
0.023981044068932533264160156
0.010623063892126083374023438
0.019185738638043403625488281
0.03018186986446380615234375
0.08467887341976165771484375
0.081492163240909576416015625
0.020856900140643119812011719
0.027875827625393867492675781
0.020797526463866233825683594
0.048093967139720916748046875
0.04377160966396331787109375
0.012519586831331253051757812
0.029081923887133598327636719
0.035415399819612503051757812
0.020331799983978271484375
0.023835215717554092407226562
0.011772676371037960052490234
0.040478672832250595092773438
0.011890782043337821960449219
0.125008881092071533203125
0.046846289187669754028320312
0.0062960325740277767181396484
0.046878982335329055786132812
0.010406789369881153106689453
0.018161032348871231079101562
-0.0047947368584573268890380859
0.15227483212947845458984375
0.072259686887264251708984375
0.023389628157019615173339844
-0.0044456729665398597717285156
0.032150603830814361572265625
0.3255839049816131591796875
0.058501090854406356811523438
-9.322718688054010272026062e-05
0.2063629627227783203125
-0.0030592666007578372955322266
0.03881035745143890380859375
0.09756819903850555419921875
0.0045271045528352260589599609
-0.0025660200044512748718261719
0.050206262618303298950195312
0.046509299427270889282226562
0.11754234135150909423828125
0.039793740957975387573242188
0.11604560911655426025390625
0.022884126752614974975585938
0.054059784859418869018554688
0.04206223785877227783203125
0.12989287078380584716796875
0.012624594382941722869873047
0.039508584886789321899414062
0.461502969264984130859375
0.00089033762924373149871826172
0.059535868465900421142578125
0.10178913921117782592773438
0.021022867411375045776367188
0.020208457484841346740722656
0.0045247776433825492858886719
0.05176569521427154541015625
0.02987129986286163330078125
0.031048612669110298156738281
0.030345611274242401123046875
0.031106302514672279357910156
0.0802808701992034912109375
0.057447921484708786010742188
0.061889670789241790771484375
0.038290373980998992919921875
0.016948917880654335021972656
0.11325516551733016967773438
0.12741433084011077880859375
0.026383731514215469360351562
0.028062935918569564819335938
0.092418573796749114990234375
0.015272160060703754425048828
0.2128957211971282958984375
0.014282577671110630035400391
0.055584277957677841186523438
0.055506508797407150268554688
0.015540226362645626068115234
0.0096426280215382575988769531
0.094240315258502960205078125
0.024294884875416755676269531
0.09227649867534637451171875
0.050441391766071319580078125
0.02068455517292022705078125
0.0046469159424304962158203125
0.0626757144927978515625
0.3533875942230224609375
0.026181878522038459777832031
0.041143041104078292846679688
0.033886034041643142700195312
0.020510545000433921813964844
0.078924275934696197509765625
0.22663156688213348388671875
0.017728524282574653625488281
0.07917334139347076416015625
0.020014429464936256408691406
0.082704342901706695556640625
0.010112366639077663421630859
0.0385054051876068115234375
0.039696298539638519287109375
0.052900847047567367553710938
0.049856435507535934448242188
0.0037897215224802494049072266
0.11502704769372940063476562
0.17505954205989837646484375
0.3539281189441680908203125
0.020856298506259918212890625
0.015444044023752212524414062
0.063518531620502471923828125
0.03494203090667724609375
0.144170224666595458984375
0.025630762800574302673339844
0.010123298503458499908447266
0.03820133209228515625
0.048461403697729110717773438
0.023741642013192176818847656
0.030861984938383102416992188
0.044619295746088027954101562
0.025442268699407577514648438
0.011924901977181434631347656
0.048515442758798599243164062
0.013896705582737922668457031
0.14177466928958892822265625
0.204739630222320556640625
0.036719206720590591430664062
0.03226114809513092041015625
0.12234314531087875366210938
0.04903097450733184814453125
0.04917399585247039794921875
0.026801114901900291442871094
0.035780210047960281372070312
0.1358418762683868408203125
0.030479263514280319213867188
0.022156210616230964660644531
0.033665951341390609741210938
0.039473943412303924560546875
0.065650679171085357666015625
0.021789396181702613830566406
0.024404285475611686706542969
0.10822854191064834594726562
0.013583226129412651062011719
0.043253328651189804077148438
0.038307163864374160766601562
0.0089679090306162834167480469
0.13191460072994232177734375
0.014197187498211860656738281
0.048374611884355545043945312
0.028461525216698646545410156
0.059376057237386703491210938
0.019838532432913780212402344
0.017631821334362030029296875
-0.0017207206692546606063842773
0.024103762581944465637207031
0.027808429673314094543457031
0.027921641245484352111816406
0.04011590778827667236328125
0.077533937990665435791015625
0.033012170344591140747070312
0.06436346471309661865234375
0.01206974685192108154296875
0.055984530597925186157226562
0.0062798052094876766204833984
0.015655966475605964660644531
0.015822974964976310729980469
0.10309565067291259765625
0.036018591374158859252929688
0.020856158807873725891113281
0.015517078340053558349609375
-0.0062657515518367290496826172
0.081790037453174591064453125
0.041040237993001937866210938
0.015062545426189899444580078
0.3029262721538543701171875
0.083670638501644134521484375
0.05269177258014678955078125
0.0071789822541177272796630859
0.014290882274508476257324219
0.029048908501863479614257812
0.024324571713805198669433594
0.036464940756559371948242188
0.02258290350437164306640625
0.013160807080566883087158203
0.09089474380016326904296875
0.022397257387638092041015625
-0.0015359788667410612106323242
0.043233390897512435913085938
0.03755991160869598388671875
0.178880512714385986328125
0.019562222063541412353515625
0.012161917984485626220703125
0.039017386734485626220703125
0.034052904695272445678710938
0.020127380266785621643066406
0.066850863397121429443359375
0.032259304076433181762695312
0.055550076067447662353515625
0.029392916709184646606445312
0.087220668792724609375
0.027179023250937461853027344
0.040046464651823043823242188
0.06884394586086273193359375
0.02554810047149658203125
0.0847294032573699951171875
0.028426762670278549194335938
0.051476188004016876220703125
0.050869368016719818115234375
0.159265458583831787109375
0.14207343757152557373046875
0.04154670238494873046875
0.010154047980904579162597656
0.036748610436916351318359375
0.086227394640445709228515625
0.083679281175136566162109375
0.09025777876377105712890625
0.029358174651861190795898438
0.043509040027856826782226562
0.06930141150951385498046875
0.03408427536487579345703125
0.034488983452320098876953125
0.0094592506065964698791503906
0.080127604305744171142578125
0.015705632045865058898925781
0.067777298390865325927734375
0.02630710601806640625
0.092857062816619873046875
0.0083669666200876235961914062
0.019036380574107170104980469
3.113757702521979808807373e-05
0.02162952721118927001953125
0.044599600136280059814453125
0.10893343389034271240234375
0.003370411694049835205078125
0.057660687714815139770507812
0.18521164357662200927734375
0.0146627724170684814453125
0.0029719229787588119506835938
0.2349340021610260009765625
0.054104294627904891967773438
0.06001962721347808837890625
0.0889927446842193603515625
0.0074057676829397678375244141
0.0070405164733529090881347656
0.061169099062681198120117188
0.087328143417835235595703125
0.017474640160799026489257812
0.03819154202938079833984375
0.017353845760226249694824219
0.030273137614130973815917969
0.021715277805924415588378906
0.029908549040555953979492188
0.013135753571987152099609375
0.027121374383568763732910156
0.10203124582767486572265625
0.026640703901648521423339844
0.0062483530491590499877929688
0.022937903180718421936035156
0.048039726912975311279296875
0.029929591342806816101074219
0.07272918522357940673828125
0.069439254701137542724609375
0.042175266891717910766601562
0.043315410614013671875
0.033625893294811248779296875
0.049041528254747390747070312
-0.0046675838530063629150390625
0.017862739041447639465332031
0.13142375648021697998046875
0.16860200464725494384765625
0.033472001552581787109375
0.019942719489336013793945312
0.0073423618450760841369628906
0.055585298687219619750976562
0.023901069536805152893066406
-0.0024802684783935546875
0.14912278950214385986328125
0.024518700316548347473144531
-0.0085903098806738853454589844
0.009634785354137420654296875
0.011543323285877704620361328
0.031818009912967681884765625
0.087177298963069915771484375
0.0068185050040483474731445312
0.042668495327234268188476562
0.048207320272922515869140625
0.137643873691558837890625
0.016495067626237869262695312
0.057710774242877960205078125
0.098932676017284393310546875
0.051966406404972076416015625
0.012811482883989810943603516
0.00021110543457325547933578491
0.082437478005886077880859375
0.054860856384038925170898438
8.922795677790418267250061e-05
0.041987154632806777954101562
0.24043457210063934326171875
0.024440070614218711853027344
0.22600352764129638671875
0.017716590315103530883789062
0.020306045189499855041503906
0.050417322665452957153320312
0.030187286436557769775390625
0.017650093883275985717773438
0.040565025061368942260742188
0.10016565769910812377929688
0.259488403797149658203125
0.063768319785594940185546875
-0.0019508557161316275596618652
-0.0068202177062630653381347656
0.076980374753475189208984375
0.00080191832967102527618408203
0.050461653620004653930664062
0.587812125682830810546875
-0.011885053478181362152099609
0.2370589077472686767578125
-0.0013472653226926922798156738
0.026422284543514251708984375
0.035961661487817764282226562
0.091570608317852020263671875
0.030472682788968086242675781
0.04021333158016204833984375
-0.0030075148679316043853759766
0.029007146134972572326660156
0.0064673954620957374572753906
0.06014637649059295654296875
0.264232158660888671875
0.08004193007946014404296875
0.045745320618152618408203125
0.014247113838791847229003906
0.062463633716106414794921875
0.1372763216495513916015625
0.023055369034409523010253906
0.0043891398236155509948730469
0.034409191459417343139648438
0.10891343653202056884765625
0.048513095825910568237304688
0.12260573357343673706054688
0.014533473178744316101074219
0.053913597017526626586914062
0.043685358017683029174804688
0.0074893329292535781860351562
0.050588883459568023681640625
0.10897643864154815673828125
0.11809943616390228271484375
0.0071809082292020320892333984
0.066026084125041961669921875
0.06340752542018890380859375
0.019946631044149398803710938
0.033913958817720413208007812
0.022785136476159095764160156
0.14576895534992218017578125
0.05932970345020294189453125
0.013724861666560173034667969
0.0087575120851397514343261719
0.0027777936775237321853637695
0.062925167381763458251953125
0.15881510078907012939453125
0.056361116468906402587890625
0.054256923496723175048828125
0.044628642499446868896484375
0.0478095114231109619140625
0.13331429660320281982421875
0.040059603750705718994140625
0.018189577385783195495605469
0.013272816315293312072753906
0.020308511331677436828613281
0.015753250569105148315429688
0.012298538349568843841552734
0.02904959022998809814453125
0.044176958501338958740234375
0.11042861640453338623046875
0.06855018436908721923828125
0.13535596430301666259765625
0.11614950001239776611328125
0.06344555318355560302734375
0.063239566981792449951171875
0.041173029690980911254882812
0.018230857327580451965332031
0.019463213160634040832519531
0.056871972978115081787109375
0.058610554784536361694335938
0.010636824183166027069091797
0.080260209739208221435546875
0.049917556345462799072265625
0.00083872623508796095848083496
0.044087074697017669677734375
0.025111580267548561096191406
0.028457794338464736938476562
0.081477485597133636474609375
0.0048635313287377357482910156
0.059836126863956451416015625
0.011824347078800201416015625
0.014073062688112258911132812
0.0047866455279290676116943359
-0.0048125693574547767639160156
0.0044613918289542198181152344
0.19923509657382965087890625
0.0686599314212799072265625
0.07490687072277069091796875
0.023295773193240165710449219
-0.0085225906223058700561523438
0.078692495822906494140625
0.017182301729917526245117188
0.015441877767443656921386719
0.033420812338590621948242188
0.087225221097469329833984375
0.0666091144084930419921875
0.14403097331523895263671875
0.05455888807773590087890625
0.067465104162693023681640625
0.1644639074802398681640625
0.1234942972660064697265625
0.024889508262276649475097656
0.071789704263210296630859375
0.0341463387012481689453125
0.015609228983521461486816406
0.023368988186120986938476562
0.135317862033843994140625
0.025067308917641639709472656
0.036464579403400421142578125
0.039440084248781204223632812
0.099413812160491943359375
0.0799023211002349853515625
0.030961576849222183227539062
0.11377360671758651733398438
0.13348014652729034423828125
0.072940580546855926513671875
0.0058694616891443729400634766
0.065673746168613433837890625
0.016315499320626258850097656
0.022949036210775375366210938
0.035418309271335601806640625
0.043297540396451950073242188
0.025770772248506546020507812
0.018626699224114418029785156
0.13903696835041046142578125
0.01715646684169769287109375
0.016830069944262504577636719
0.02967692911624908447265625
0.032953899353742599487304688
0.035858940333127975463867188
0.046544943004846572875976562
0.16693006455898284912109375
0.38818800449371337890625
0.029025940224528312683105469
0.06616444885730743408203125
0.035492267459630966186523438
0.018644651398062705993652344
0.093643844127655029296875
0.051425278186798095703125
0.030575264245271682739257812
0.026098413392901420593261719
0.075904659926891326904296875
0.059265654534101486206054688
0.028866553679108619689941406
0.0071298982948064804077148438
0.01281188428401947021484375
0.08951251208782196044921875
0.0467285215854644775390625
0.13220019638538360595703125
0.032302107661962509155273438
0.0900938510894775390625
0.0818612277507781982421875
0.034358020871877670288085938
0.034150991588830947875976562
0.18655477464199066162109375
0.13544286787509918212890625
0.043606664985418319702148438
0.064455635845661163330078125
0.012145007960498332977294922
0.054296899586915969848632812
0.029999174177646636962890625
0.027515089139342308044433594
0.0408971607685089111328125
0.0014769983245059847831726074
0.035342849791049957275390625
0.12710507214069366455078125
0.015611555427312850952148438
0.16067254543304443359375
0.0072819245979189872741699219
0.038572140038013458251953125
0.330166161060333251953125
0.01558531820774078369140625
0.040763687342405319213867188
0.029550118371844291687011719
0.010953914374113082885742188
-0.0047364057973027229309082031
0.015258740633726119995117188
0.024725327268242835998535156
0.020522961392998695373535156
0.033269386738538742065429688
0.024956163018941879272460938
0.0097042294219136238098144531
0.026760635897517204284667969
0.055293362587690353393554688
0.065812297165393829345703125
0.07764112949371337890625
0.072568573057651519775390625
0.087532602250576019287109375
0.0069177360273897647857666016
0.14847083389759063720703125
0.0452794730663299560546875
0.10927388817071914672851562
0.0032104826532304286956787109
0.094783090054988861083984375
0.10443760454654693603515625
0.011463148519396781921386719
0.1749615371227264404296875
0.0097786672413349151611328125
0.040780756622552871704101562
0.4592029750347137451171875
0.097069136798381805419921875
0.10574377328157424926757812
-0.00086334598017856478691101074
0.024610670283436775207519531
0.10899122059345245361328125
0.1840279996395111083984375
0.0015537033323198556900024414
0.029354805126786231994628906
0.11717321723699569702148438
0.062131822109222412109375
0.045407868921756744384765625
0.12121938914060592651367188
0.11571133136749267578125
0.07657729089260101318359375
0.017708485946059226989746094
0.019647592678666114807128906
0.029929511249065399169921875
0.06331677734851837158203125
0.010261985473334789276123047
0.038289088755846023559570312
0.037858165800571441650390625
0.018467191606760025024414062
0.092985533177852630615234375
0.057282857596874237060546875
0.044547624886035919189453125
0.035112030804157257080078125
0.022876203060150146484375
0.038512025028467178344726562
0.024115778505802154541015625
0.027666252106428146362304688
0.1254210174083709716796875
0.060879766941070556640625
0.024416720494627952575683594
0.0315622985363006591796875
0.040873028337955474853515625
0.0017801875947043299674987793
0.2630647718906402587890625
0.0077453637495636940002441406
0.019424559548497200012207031
0.022538291290402412414550781
0.061631854623556137084960938
0.018363887444138526916503906
0.023344196379184722900390625
0.1391406357288360595703125
0.08190961182117462158203125
0.094981811940670013427734375
0.0050977980718016624450683594
0.012064873240888118743896484
0.028364961966872215270996094
0.019491193816065788269042969
0.020277079194784164428710938
0.02231754362583160400390625
0.013684724457561969757080078
0.3790110647678375244140625
0.12614740431308746337890625
0.09390659630298614501953125
-0.0009270327864214777946472168
0.030325330793857574462890625
0.083645500242710113525390625
0.15098392963409423828125
0.10995591431856155395507812
0.03558228909969329833984375
0.024816414341330528259277344
0.034971360117197036743164062
0.019912831485271453857421875
0.18508647382259368896484375
0.025861760601401329040527344
0.0752421319484710693359375
0.018009768798947334289550781
0.043518807739019393920898438
0.024189876392483711242675781
0.14400470256805419921875
0.027024690061807632446289062
0.1274994909763336181640625
0.045495487749576568603515625
0.034002758562564849853515625
0.088717497885227203369140625
0.0078901685774326324462890625
0.047870032489299774169921875
0.035614423453807830810546875
0.18978059291839599609375
0.088027738034725189208984375
0.052001107484102249145507812
0.012931494973599910736083984
0.0149857997894287109375
0.010144901461899280548095703
0.061295807361602783203125
0.3551096022129058837890625
0.041847046464681625366210938
0.0069693876430392265319824219
0.035702262073755264282226562
0.09384192526340484619140625
0.11239821463823318481445312
0.057727001607418060302734375
0.038654863834381103515625
0.0093090701848268508911132812
0.049728281795978546142578125
0.049715481698513031005859375
0.019492778927087783813476562
0.032562915235757827758789062
0.044926397502422332763671875
0.02388243377208709716796875
0.038729138672351837158203125
0.097874619066715240478515625
0.0048811831511557102203369141
0.1342410147190093994140625
0.1554324924945831298828125
0.04826368391513824462890625
0.05032928287982940673828125
0.016296323388814926147460938
0.020747639238834381103515625
0.068069994449615478515625
0.06381309032440185546875
0.02635572850704193115234375
0.036114189773797988891601562
0.14220510423183441162109375
0.3566664159297943115234375
-0.00090029434068128466606140137
0.0047926832921802997589111328
0.13096822798252105712890625
0.026273688301444053649902344
0.019303504377603530883789062
0.0043094861321151256561279297
0.029536116868257522583007812
0.074515603482723236083984375
0.0329997539520263671875
0.057248178869485855102539062
0.2593915760517120361328125
0.13279674947261810302734375
0.12063150107860565185546875
0.0376630723476409912109375
0.024036547169089317321777344
0.014301151968538761138916016
0.027553923428058624267578125
-0.00072680547600612044334411621
0.03247933089733123779296875
0.0712510645389556884765625
-0.0004170168831478804349899292
0.030168872326612472534179688
0.03451062738895416259765625
0.0130277574062347412109375
0.022283162921667098999023438
0.0011159193236380815505981445
0.049065697938203811645507812
0.041388902813196182250976562
0.07342566549777984619140625
0.02776600420475006103515625
0.001177861005999147891998291
0.043154019862413406372070312
0.060185171663761138916015625
0.054961629211902618408203125
0.019712483510375022888183594
0.038178764283657073974609375
0.027400953695178031921386719
0.043175160884857177734375
0.024237215518951416015625
0.0026993835344910621643066406
0.07382987439632415771484375
-0.0011342605575919151306152344
0.101103484630584716796875
0.020693400874733924865722656
0.08714921772480010986328125
0.10210318118333816528320312
0.066768802702426910400390625
0.0031051537953317165374755859
0.0061332550831139087677001953
0.042302820831537246704101562
0.037874873727560043334960938
0.016210792586207389831542969
0.034506615251302719116210938
0.16544140875339508056640625
0.06790156662464141845703125
0.21038274466991424560546875
0.051924180239439010620117188
0.039398301392793655395507812
0.079099588096141815185546875
0.0723479688167572021484375
0.0058377687819302082061767578
0.021409641951322555541992188
0.0767684280872344970703125
0.029685433954000473022460938
0.031382270157337188720703125
0.2744714915752410888671875
-0.0030673302244395017623901367
0.173908412456512451171875
0.13725052773952484130859375
0.0050293975509703159332275391
0.016977762803435325622558594
-0.0046723978593945503234863281
0.031816948205232620239257812
0.020591402426362037658691406
0.021837817505002021789550781
0.19817946851253509521484375
0.026526408270001411437988281
0.043849639594554901123046875
0.037341531366109848022460938
0.07737065851688385009765625
0.60607063770294189453125
0.018260804936289787292480469
0.015665413811802864074707031
0.014456707984209060668945312
0.016072768718004226684570312
0.1540688574314117431640625
0.106405794620513916015625
0.039844471961259841918945312
0.12497897446155548095703125
0.06468190252780914306640625
0.0214744508266448974609375
0.044250734150409698486328125
0.0059694750234484672546386719
0.168652951717376708984375
0.0092480713501572608947753906
0.051101148128509521484375
0.027684906497597694396972656
0.1608140766620635986328125
0.0810143649578094482421875
0.018797600641846656799316406
0.036136817187070846557617188
0.012957370840013027191162109
0.09700711071491241455078125
0.12881900370121002197265625
0.11192143708467483520507812
0.034139800816774368286132812
0.060731735080480575561523438
0.1933054625988006591796875
0.012807089835405349731445312
0.03878305852413177490234375
0.042750615626573562622070312
0.15290011465549468994140625
0.024644689634442329406738281
0.025136934593319892883300781
0.01715745031833648681640625
0.0599355399608612060546875
0.033421270549297332763671875
0.057821236550807952880859375
0.047193605452775955200195312
0.026376469060778617858886719
0.0620858669281005859375
0.030050223693251609802246094
0.0097450083121657371520996094
0.010056943632662296295166016
0.085585691034793853759765625
0.011458995752036571502685547
0.034600850194692611694335938
0.0589090287685394287109375
0.014386582188308238983154297
0.054173938930034637451171875
0.11841738969087600708007812
0.020694363862276077270507812
0.074209727346897125244140625
0.046846788376569747924804688
0.0151477754116058349609375
0.030358308926224708557128906
0.056028418242931365966796875
0.0882152020931243896484375
0.094485394656658172607421875
0.02675305306911468505859375
0.06910999119281768798828125
0.051051821559667587280273438
0.05719299614429473876953125
0.011544105596840381622314453
0.06424443423748016357421875
0.029251080006361007690429688
0.012210379354655742645263672
0.039171878248453140258789062
0.07982425391674041748046875
-0.0021630581468343734741210938
0.022130234166979789733886719
0.095305643975734710693359375
0.029514433816075325012207031
0.14014141261577606201171875
0.1428738534450531005859375
0.0527120530605316162109375
0.161281764507293701171875
0.0058973836712539196014404297
0.0449765622615814208984375
0.0399096012115478515625
0.037685919553041458129882812
0.0805881321430206298828125
0.089062951505184173583984375
0.0096636302769184112548828125
0.1171696484088897705078125
0.13901798427104949951171875
0.0863542258739471435546875
0.030653735622763633728027344
0.048254016786813735961914062
0.0266897678375244140625
0.24236972630023956298828125
0.029862312600016593933105469
0.0085037080571055412292480469
0.0136549770832061767578125
0.051514420658349990844726562
0.039700306951999664306640625
0.18777002394199371337890625
0.041446290910243988037109375
0.12594322860240936279296875
0.06424419581890106201171875
0.16643945872783660888671875
0.02497790753841400146484375
0.051943216472864151000976562
0.039161406457424163818359375
0.025359867140650749206542969
0.11733571439981460571289062
0.017449567094445228576660156
0.12207401543855667114257812
0.041115961968898773193359375
0.088464535772800445556640625
0.021434072405099868774414062
0.025990016758441925048828125
0.1056660115718841552734375
0.016719184815883636474609375
0.1347687244415283203125
0.027902625501155853271484375
0.08741022646427154541015625
0.0070174084976315498352050781
0.016458459198474884033203125
0.051553655415773391723632812
0.026750104501843452453613281
0.014982691034674644470214844
0.023976409807801246643066406
0.022328054532408714294433594
0.039400089532136917114257812
0.052424330264329910278320312
0.08240835368633270263671875
0.027924008667469024658203125
0.024809753522276878356933594
0.033344585448503494262695312
0.082585193216800689697265625
0.018143562600016593933105469
0.044596288353204727172851562
0.077458076179027557373046875
0.10348045825958251953125
0.064214408397674560546875
0.033695016056299209594726562
0.023993078619241714477539062
-0.00048174674157053232192993164
0.0271882712841033935546875
0.036611769348382949829101562
0.14171983301639556884765625
0.052270960062742233276367188
0.036795668303966522216796875
0.027058770880103111267089844
0.05232052505016326904296875
0.64868152141571044921875
0.054185595363378524780273438
0.037496484816074371337890625
-0.0011354440357536077499389648
0.508335411548614501953125
0.066910333931446075439453125
0.057706199586391448974609375
0.032776761800050735473632812
0.019303804263472557067871094
0.061289388686418533325195312
0.041870493441820144653320312
0.0294892787933349609375
0.0086370389908552169799804688
0.014679522253572940826416016
0.033685244619846343994140625
0.024546381086111068725585938
0.06157524883747100830078125
0.062717698514461517333984375
0.026542376726865768432617188
0.0902201831340789794921875
-0.0022307767067104578018188477
0.0702826082706451416015625
0.054052684456110000610351562
0.10987649857997894287109375
0.11440850794315338134765625
0.1507358849048614501953125
0.011709851212799549102783203
0.042869683355093002319335938
0.014657777734100818634033203
0.032102040946483612060546875
0.014612986706197261810302734
0.028119742870330810546875
0.066243059933185577392578125
0.013385967351496219635009766
0.020561793819069862365722656
0.019196089357137680053710938
0.016057984903454780578613281
0.051613770425319671630859375
0.12397996336221694946289062
0.061695121228694915771484375
0.0055413790978491306304931641
-0.003997378051280975341796875
0.026158489286899566650390625
0.035443242639303207397460938
0.046613927930593490600585938
0.018125528469681739807128906
0.016319932416081428527832031
0.0247233808040618896484375
0.029257418587803840637207031
0.0095016350969672203063964844
0.039113245904445648193359375
0.071762166917324066162109375
0.033434249460697174072265625
0.0670082271099090576171875
0.24485196173191070556640625
0.015174834989011287689208984
-0.0066368598490953445434570312
0.0042809625156223773956298828
0.023807715624570846557617188
0.036593236029148101806640625
0.12441285699605941772460938
0.12030041217803955078125
0.017714522778987884521484375
0.071114249527454376220703125
0.013843830674886703491210938
0.061558399349451065063476562
0.063637234270572662353515625
0.03373713791370391845703125
0.024924751371145248413085938
0.04690353572368621826171875
0.1617842018604278564453125
0.034231208264827728271484375
0.027831075713038444519042969
0.010611490346491336822509766
-0.0067702913656830787658691406
0.070092312991619110107421875
0.2677397429943084716796875
0.038154654204845428466796875
0.12641620635986328125
0.044001705944538116455078125
0.2208898365497589111328125
0.16972489655017852783203125
0.04067532718181610107421875
0.048577606678009033203125
0.08250026404857635498046875
0.028269140049815177917480469
0.027999971061944961547851562
0.018953697755932807922363281
0.0098513606935739517211914062
0.033240161836147308349609375
0.00866283476352691650390625
0.1363476812839508056640625
0.058278959244489669799804688
0.10402407497167587280273438
0.0068517224863171577453613281
0.14193783700466156005859375
0.17447353899478912353515625
0.010027577169239521026611328
0.015224319882690906524658203
0.033767748624086380004882812
0.0955161154270172119140625
0.038595687597990036010742188
0.029163042083382606506347656
0.057968009263277053833007812
0.017213514074683189392089844
0.013838575221598148345947266
0.02822266519069671630859375
0.019595641642808914184570312
0.046709869056940078735351562
0.0472126007080078125
0.156476795673370361328125
0.026476763188838958740234375
0.1590783894062042236328125
0.016140185296535491943359375
0.05755878984928131103515625
-0.0058503127656877040863037109
0.021397424861788749694824219
0.00018549029482528567314147949
0.013971765525639057159423828
0.027107553556561470031738281
0.1005795300006866455078125
0.12005541473627090454101562
0.07208760082721710205078125
0.022057883441448211669921875
0.050469253212213516235351562
0.030019816011190414428710938
0.044257275760173797607421875
0.052183862775564193725585938
0.022954713553190231323242188
0.023739494383335113525390625
0.1077360808849334716796875
0.10332568734884262084960938
0.038482196629047393798828125
0.0044722435995936393737792969
0.001828348846174776554107666
0.00750564038753509521484375
0.03150665760040283203125
0.13527004420757293701171875
0.12898035347461700439453125
-0.0015627774409949779510498047
0.0038984406273812055587768555
0.10526292771100997924804688
0.051716674119234085083007812
0.066546507179737091064453125
0.029359739273786544799804688
0.0069114174693822860717773438
0.07542107999324798583984375
0.040234334766864776611328125
0.1833317279815673828125
0.0310728847980499267578125
0.053843449801206588745117188
0.080665819346904754638671875
0.085334114730358123779296875
0.0090993754565715789794921875
0.0069194813258945941925048828
0.061733774840831756591796875
-0.00029032528982497751712799072
0.028966525569558143615722656
0.082949720323085784912109375
0.043516881763935089111328125
0.040896516293287277221679688
0.0047059487551450729370117188
0.013235506601631641387939453
0.026217263191938400268554688
0.052776742726564407348632812
0.031567957252264022827148438
0.036533739417791366577148438
0.11060134321451187133789062
0.0657628476619720458984375
0.019046328961849212646484375
0.024948721751570701599121094
0.049252808094024658203125
0.166863858699798583984375
0.028905928134918212890625
0.056652128696441650390625
0.00607867538928985595703125
0.060639243572950363159179688
0.034412078559398651123046875
0.065153263509273529052734375
0.10067100077867507934570312
0.020994262769818305969238281
0.09097911417484283447265625
0.012781294062733650207519531
0.03948016464710235595703125
0.0070363441482186317443847656
0.043393339961767196655273438
-0.00050900666974484920501708984
0.0883719623088836669921875
-0.001621750416234135627746582
0.0067935120314359664916992188
0.08969165384769439697265625
0.07468225061893463134765625
0.0066785546950995922088623047
0.0093789147213101387023925781
0.027766866609454154968261719
0.05864655971527099609375
0.043612744659185409545898438
0.09254638850688934326171875
0.0920490920543670654296875
0.10821665078401565551757812
0.064296312630176544189453125
0.013522909022867679595947266
0.0024546056520193815231323242
0.07934783399105072021484375
0.022083939984440803527832031
0.057615835219621658325195312
0.031219152733683586120605469
0.07369740307331085205078125
0.063533209264278411865234375
0.10460078716278076171875
0.018456500023603439331054688
0.14171589910984039306640625
0.026579445227980613708496094
0.042079526931047439575195312
0.0047649820335209369659423828
-0.0043969904072582721710205078
-0.008769474923610687255859375
0.032041404396295547485351562
0.039727065712213516235351562
0.012214130721986293792724609
0.014012685976922512054443359
0.025005307048559188842773438
0.582552611827850341796875
0.12047638744115829467773438
0.3990889489650726318359375
0.291410923004150390625
0.043129768222570419311523438
-0.0043413471430540084838867188
0.040004421025514602661132812
0.1713832318782806396484375
0.0015912734670564532279968262
0.093764938414096832275390625
0.051891665905714035034179688
0.00792481005191802978515625
0.00032622306025587022304534912
0.016141308471560478210449219
0.076180569827556610107421875
0.03249190747737884521484375
0.289451062679290771484375
0.10362397879362106323242188
0.01633997261524200439453125
0.029329048469662666320800781
0.054352104663848876953125
0.02496533095836639404296875
0.368905127048492431640625
0.023866005241870880126953125
0.02740530669689178466796875
0.018717786297202110290527344
0.032510221004486083984375
0.070070683956146240234375
0.023735783994197845458984375
0.046465091407299041748046875
0.0099612232297658920288085938
0.01943232119083404541015625
0.042781624943017959594726562
0.0035540102981030941009521484
0.015117225237190723419189453
0.098143525421619415283203125
0.0477423965930938720703125
0.0118339955806732177734375
-0.00063437438802793622016906738
0.0011671896791085600852966309
0.13466028869152069091796875
0.037408165633678436279296875
0.011467440985143184661865234
0.026439134031534194946289062
0.1465989053249359130859375
0.066830419003963470458984375
0.14498746395111083984375
0.070883832871913909912109375
0.091113261878490447998046875
0.223819077014923095703125
0.10799293220043182373046875
0.027446206659078598022460938
0.097937919199466705322265625
0.038541711866855621337890625
0.023777987807989120483398438
0.06540556252002716064453125
0.012486689724028110504150391
0.14954908192157745361328125
0.01187264919281005859375
0.050365008413791656494140625
0.037734743207693099975585938
0.09851874411106109619140625
0.0086034405976533889770507812
0.0311461985111236572265625
0.032962344586849212646484375
0.016111100092530250549316406
0.031119279563426971435546875
0.0668306052684783935546875
-0.0053811166435480117797851562
0.011822622269392013549804688
0.047976564615964889526367188
0.035093836486339569091796875
0.029048265889286994934082031
0.012890273705124855041503906
0.033346734941005706787109375
0.022902479395270347595214844
0.057430051267147064208984375
0.039618991315364837646484375
0.013890367001295089721679688
0.11703336983919143676757812
0.06141443550586700439453125
0.14284698665142059326171875
-0.0021663075312972068786621094
0.0044535887427628040313720703
0.018138507381081581115722656
0.026729324832558631896972656
0.08475108444690704345703125
0.030582245439291000366210938
-0.0062960605137050151824951172
0.040604639798402786254882812
0.014334911480545997619628906
0.034450590610504150390625
0.03113941848278045654296875
0.036842908710241317749023438
0.13031041622161865234375
0.030869668349623680114746094
-0.0026438080240041017532348633
0.0098823914304375648498535156
0.009467996656894683837890625
0.068546034395694732666015625
0.06545267999172210693359375
0.12289679050445556640625
0.12177409231662750244140625
0.0058015221729874610900878906
0.026156222447752952575683594
0.0140888690948486328125
0.020016174763441085815429688
0.06016416847705841064453125
0.028283001855015754699707031
0.0082097258418798446655273438
0.088093109428882598876953125
0.308359622955322265625
0.0596995055675506591796875
0.021393815055489540100097656
0.094787120819091796875
0.013468910939991474151611328
0.00077279290417209267616271973
0.0088944938033819198608398438
0.16405330598354339599609375
0.050318513065576553344726562
0.015154013410210609436035156
0.07481907308101654052734375
0.056174226105213165283203125
0.0081497700884938240051269531
0.28412806987762451171875
0.04501967132091522216796875
-0.0019764706958085298538208008
0.054856140166521072387695312
0.023183885961771011352539062
0.058758486062288284301757812
0.069643713533878326416015625
0.19519977271556854248046875
0.0045333225280046463012695312
-0.0054881707765161991119384766
0.094439484179019927978515625
0.018820226192474365234375
0.044039275497198104858398438
0.010900978930294513702392578
0.023840090259909629821777344
0.083632968366146087646484375
0.038118831813335418701171875
0.031192393973469734191894531
0.0284626483917236328125
0.026680279523134231567382812
0.0040565039962530136108398438
0.013286375440657138824462891
0.011017400771379470825195312
0.13618989288806915283203125
0.018170841038227081298828125
0.0088474163785576820373535156
0.036668054759502410888671875
0.062231492251157760620117188
0.026709826663136482238769531
-0.0068501653149724006652832031
0.022594736889004707336425781
0.034724853932857513427734375
0.055761817842721939086914062
0.039465922862291336059570312
0.14984269440174102783203125
-0.0057799266651272773742675781
0.013483453541994094848632812
0.024269569665193557739257812
0.047591071575880050659179688
0.032261591404676437377929688
0.08851921558380126953125
0.014840293675661087036132812
0.018137443810701370239257812
0.0730066597461700439453125
0.0021587179508060216903686523
0.019351484254002571105957031
0.09449516236782073974609375
0.00059031764976680278778076172
0.064003191888332366943359375
0.03908510506153106689453125
0.024229753762483596801757812
0.041611935943365097045898438
0.010955559089779853820800781
0.0295551121234893798828125
0.12149561941623687744140625
0.08988399803638458251953125
0.10747878253459930419921875
0.12573294341564178466796875
0.047549609094858169555664062
0.050531055778264999389648438
0.2713775932788848876953125
0.020662549883127212524414062
0.14247356355190277099609375
0.0082153016701340675354003906
0.044346254318952560424804688
0.015485806390643119812011719
0.21707372367382049560546875
0.06942832469940185546875
0.035533767193555831909179688
0.403186857700347900390625
0.087406851351261138916015625
0.024117764085531234741210938
0.07949154078960418701171875
0.010020276531577110290527344
0.0084512336179614067077636719
0.145905792713165283203125
0.060777608305215835571289062
0.431382954120635986328125
0.0346753895282745361328125
0.029463985934853553771972656
0.043450005352497100830078125
0.013176633976399898529052734
0.027447249740362167358398438
0.033165220171213150024414062
0.041005756705999374389648438
0.0729313194751739501953125
0.17215611040592193603515625
0.089934043586254119873046875
0.016607295721769332885742188
0.095896132290363311767578125
0.034071438014507293701171875
-0.0056484607048332691192626953
-0.00064093363471329212188720703
0.0067766224965453147888183594
0.080067746341228485107421875
0.012854348868131637573242188
0.0631530582904815673828125
0.06579048931598663330078125
0.027909405529499053955078125
0.038726691156625747680664062
0.03598940372467041015625
0.097071401774883270263671875
0.032480571419000625610351562
0.0489111244678497314453125
0.018395300954580307006835938
0.038441173732280731201171875
0.00067508628126233816146850586
0.041632495820522308349609375
0.058914385735988616943359375
0.0323691666126251220703125
0.00012653738667722791433334351
0.044634521007537841796875
0.01460991799831390380859375
0.10636337101459503173828125
0.052667342126369476318359375
0.041853625327348709106445312
0.046338059008121490478515625
0.0033491896465420722961425781
0.078761719167232513427734375
0.11680901050567626953125
-0.0005339197814464569091796875
0.12109712511301040649414062
0.024051129817962646484375
0.0096087493002414703369140625
0.10375165194272994995117188
0.019886434078216552734375
0.041077647358179092407226562
0.025496548041701316833496094
0.00048845889978110790252685547
0.0056985002011060714721679688
0.24716727435588836669921875
0.017750971019268035888671875
0.0062461262568831443786621094
0.018193628638982772827148438
0.018643848598003387451171875
0.013605210930109024047851562
0.032623071223497390747070312
0.0672263801097869873046875
0.1563244760036468505859375
0.0085289217531681060791015625
0.043504547327756881713867188
0.021783357486128807067871094
0.0086899343878030776977539062
0.15029530227184295654296875
0.13906095921993255615234375
0.13463480770587921142578125
0.047977846115827560424804688
0.3312942981719970703125
0.030789373442530632019042969
0.041224680840969085693359375
0.3477351963520050048828125
0.0094850258901715278625488281
0.012720054946839809417724609
0.16690389811992645263671875
0.1304691135883331298828125
0.021163398399949073791503906
0.011965963058173656463623047
0.2441854178905487060546875
0.1712047159671783447265625
0.0942045748233795166015625
0.19009055197238922119140625
0.074145935475826263427734375
0.079958386719226837158203125
0.013565454632043838500976562
0.0097798509523272514343261719
0.080131076276302337646484375
0.10750869661569595336914062
0.032786089926958084106445312
0.014130230993032455444335938
0.304429948329925537109375
0.017747661098837852478027344
0.010442875325679779052734375
0.030793445184826850891113281
0.065520942211151123046875
0.039801243692636489868164062
0.2317001521587371826171875
0.1264446079730987548828125
0.015006842091679573059082031
0.024694776162505149841308594
0.07938556373119354248046875
0.2196488082408905029296875
0.014151533134281635284423828
0.045056920498609542846679688
0.024085389450192451477050781
0.0707403719425201416015625
0.018902428448200225830078125
0.023906223475933074951171875
0.030726308003067970275878906
0.14195652306079864501953125
0.045845512300729751586914062
0.08615215122699737548828125
0.04826350510120391845703125
0.041976083070039749145507812
0.082870893180370330810546875
0.0318341553211212158203125
0.045167423784732818603515625
0.0393942892551422119140625
0.0011589454952627420425415039
0.11635445803403854370117188
0.057002816349267959594726562
0.049613304436206817626953125
0.096023984253406524658203125
0.023551343008875846862792969
0.090597771108150482177734375
0.0041345530189573764801025391
0.042225334793329238891601562
0.045258529484272003173828125
0.019301839172840118408203125
0.042266655713319778442382812
0.015726733952760696411132812
0.053963482379913330078125
0.3807957470417022705078125
0.266968667507171630859375
0.028918765485286712646484375
0.042421571910381317138671875
0.020588012412190437316894531
0.010820863768458366394042969
0.0063956850208342075347900391
0.13334684073925018310546875
0.0656144320964813232421875
0.052147436887025833129882812
0.024990584701299667358398438
0.089365780353546142578125
0.0057614245451986789703369141
0.03463701903820037841796875
0.11117107421159744262695312
0.031622033566236495971679688
0.039975233376026153564453125
0.04346962273120880126953125
0.039818335324525833129882812
0.057371299713850021362304688
0.047761835157871246337890625
0.034326087683439254760742188
0.073170922696590423583984375
0.21717651188373565673828125
0.009464085102081298828125
0.0174758434295654296875
0.023989748209714889526367188
0.078974463045597076416015625
0.027334017679095268249511719
0.03729750216007232666015625
0.023057635873556137084960938
0.010089418850839138031005859
0.020658178254961967468261719
0.13725553452968597412109375
0.056392949074506759643554688
0.0065309619531035423278808594
0.04432754218578338623046875
0.02526378631591796875
0.0063417269848287105560302734
0.2751154601573944091796875
0.014162164181470870971679688
0.15202958881855010986328125
0.035928286612033843994140625
0.20632295310497283935546875
0.054460700601339340209960938
0.086269319057464599609375
0.015945715829730033874511719
0.03770826756954193115234375
0.018190238624811172485351562
0.046602915972471237182617188
0.051780942827463150024414062
0.108621656894683837890625
0.037670977413654327392578125
0.022344784811139106750488281
0.09586004912853240966796875
0.0072074658237397670745849609
0.3948628008365631103515625
0.053577791899442672729492188
0.011453319340944290161132812
0.019141949713230133056640625
0.04948653280735015869140625
0.018284576013684272766113281
0.030449476093053817749023438
0.017228638753294944763183594
0.03202991187572479248046875
0.24710886180400848388671875
0.05444848537445068359375
0.012017634697258472442626953
0.0027510551735758781433105469
0.029178628697991371154785156
0.0095158563926815986633300781
0.041143842041492462158203125
0.053963482379913330078125
0.045906011015176773071289062
0.17951099574565887451171875
0.012462037615478038787841797
0.0044284351170063018798828125
-0.0078710597008466720581054688
0.08810542523860931396484375
0.11290036886930465698242188
0.075976707041263580322265625
0.11739826202392578125
0.15103520452976226806640625
0.0057858764193952083587646484
0.059107087552547454833984375
0.033651385456323623657226562
0.252294123172760009765625
0.013979609124362468719482422
0.0099033126607537269592285156
0.561214029788970947265625
0.14037866890430450439453125
0.106798589229583740234375
0.031319428235292434692382812
0.07875572144985198974609375
0.034220855683088302612304688
0.044679753482341766357421875
0.010950082913041114807128906
0.022281499579548835754394531
0.0077686919830739498138427734
0.0679409205913543701171875
0.031845249235630035400390625
-0.0023560842964798212051391602
0.0451354086399078369140625
0.015987697988748550415039062
0.018879098817706108093261719
0.017057696357369422912597656
0.011214097961783409118652344
0.04861463606357574462890625
0.0303934514522552490234375
0.2685090005397796630859375
0.092038400471210479736328125
0.07108949124813079833984375
0.070127189159393310546875
0.024893680587410926818847656
0.054170571267604827880859375
0.072046421468257904052734375
0.059784777462482452392578125
0.053403060883283615112304688
0.28121244907379150390625
0.032352618873119354248046875
0.020187737420201301574707031
0.018484722822904586791992188
0.015190560370683670043945312
0.028007974848151206970214844
0.11426627635955810546875
0.052618499845266342163085938
0.011590461246669292449951172
0.013689197599887847900390625
0.085363797843456268310546875
0.0035444623790681362152099609
0.032325718551874160766601562
0.040829781442880630493164062
0.00041985770803876221179962158
0.070786990225315093994140625
0.015559342689812183380126953
0.033481027930974960327148438
0.13769237697124481201171875
0.062924869358539581298828125
0.028101287782192230224609375
0.16174937784671783447265625
0.048231732100248336791992188
0.12568955123424530029296875
0.078432850539684295654296875
0.045668475329875946044921875
0.08064676821231842041015625
0.014690454117953777313232422
0.0557748973369598388671875
-0.012083735316991806030273438
0.099141873419284820556640625
0.031426299363374710083007812
0.011485172435641288757324219
0.064502455294132232666015625
0.027178702875971794128417969
0.07238774001598358154296875
-0.0075550731271505355834960938
0.044841889292001724243164062
0.0028047526720911264419555664
0.030754450708627700805664062
0.039609421044588088989257812
0.026087101548910140991210938
0.046522017568349838256835938
0.066531844437122344970703125
0.0087948823347687721252441406
0.0282295644283294677734375
0.14686159789562225341796875
0.032722402364015579223632812
0.018675982952117919921875
0.039552535861730575561523438
0.028152920305728912353515625
0.0827327668666839599609375
0.033506963402032852172851562
0.1331157982349395751953125
0.050481852144002914428710938
0.27452933788299560546875
0.0395821034908294677734375
0.2272287905216217041015625
0.031920310109853744506835938
0.08579440414905548095703125
