9.995422363281250000e-01
8.975963592529296875e-01
8.630052804946899414e-01
7.428659200668334961e-01
6.532611846923828125e-01
5.809249877929687500e-01
5.298137664794921875e-01
8.418966531753540039e-01
4.709415435791015625e-01
5.590667724609375000e-01
5.119526982307434082e-01
4.748554229736328125e-01
3.147214055061340332e-01
3.519191741943359375e-01
7.261219024658203125e-01
5.825595855712890625e-01
3.499908447265625000e-01
5.917726755142211914e-01
3.529510498046875000e-01
3.694629669189453125e-01
3.175442814826965332e-01
5.057703256607055664e-01
2.938098907470703125e-01
5.399163961410522461e-01
2.657120823860168457e-01
3.802115023136138916e-01
2.447407841682434082e-01
3.720900118350982666e-01
2.528839111328125000e-01
2.886892855167388916e-01
2.746391296386718750e-01
2.314389348030090332e-01
1.989879608154296875e-01
1.921335756778717041e-01
2.017084658145904541e-01
2.526581883430480957e-01
2.203566133975982666e-01
2.181663513183593750e-01
1.843172609806060791e-01
2.144648134708404541e-01
2.848135530948638916e-01
3.281097412109375000e-01
1.690928041934967041e-01
3.874543309211730957e-01
1.514371037483215332e-01
1.787725985050201416e-01
1.647612154483795166e-01
1.446501314640045166e-01
1.568304598331451416e-01
1.149164736270904541e-01
7.020155191421508789e-01
1.574160158634185791e-01
2.104078829288482666e-01
1.285063326358795166e-01
2.030353546142578125e-01
1.193421483039855957e-01
2.897345125675201416e-01
2.770729064941406250e-01
1.109453737735748291e-01
1.043446660041809082e-01
1.420198976993560791e-01
4.252878725528717041e-01
9.809747338294982910e-02
1.744435429573059082e-01
1.577777862548828125e-01
1.009006500244140625e-01
1.009426116943359375e-01
1.710961461067199707e-01
1.940905153751373291e-01
1.675084233283996582e-01
1.358947753906250000e-01
8.810424804687500000e-02
9.145927429199218750e-02
1.733563542366027832e-01
9.064164757728576660e-02
7.708993554115295410e-02
9.957057237625122070e-02
1.221434175968170166e-01
6.388726830482482910e-02
9.368515014648437500e-02
1.603291630744934082e-01
6.159082055091857910e-02
2.128111422061920166e-01
6.445056200027465820e-02
1.530342102050781250e-01
1.697425842285156250e-01
1.492964327335357666e-01
9.906959533691406250e-02
1.623865664005279541e-01
1.077213287353515625e-01
5.687013268470764160e-02
6.099826097488403320e-02
4.037132263183593750e-01
7.366943359375000000e-02
4.921722412109375000e-02
7.059669494628906250e-02
1.846001744270324707e-01
2.530638277530670166e-01
4.834046959877014160e-02
7.575097680091857910e-02
8.264032006263732910e-02
5.594506859779357910e-02
7.130241394042968750e-02
1.194744110107421875e-01
1.241995394229888916e-01
9.241738915443420410e-02
3.913307189941406250e-02
6.473666429519653320e-02
1.760508120059967041e-01
4.628944396972656250e-02
1.137886047363281250e-01
3.536796569824218750e-02
3.704452514648437500e-02
3.976058959960937500e-02
4.998016357421875000e-02
2.575340270996093750e-01
8.115258812904357910e-02
3.681373596191406250e-02
2.552476525306701660e-02
1.351820528507232666e-01
3.543788194656372070e-02
1.848907470703125000e-01
1.220065355300903320e-02
5.381256341934204102e-03
1.200059056282043457e-01
6.499862670898437500e-02
1.006177067756652832e-01
8.790969848632812500e-03
8.568635582923889160e-02
3.825885057449340820e-02
1.607447862625122070e-02
8.068084716796875000e-03
2.465310692787170410e-02
7.025462388992309570e-02
1.097106933593750000e-02
3.348666429519653320e-02
5.614724755287170410e-02
9.727478027343750000e-03
7.985430955886840820e-02
8.621531724929809570e-02
1.501208543777465820e-02
5.685931444168090820e-02
4.845935106277465820e-02
9.910327196121215820e-02
2.604356408119201660e-02
1.594287157058715820e-02
2.450814843177795410e-02
1.880836486816406250e-02
1.450282335281372070e-02
2.523356676101684570e-02
1.052919030189514160e-02
3.687095642089843750e-02
1.251220703125000000e-02
1.094308495521545410e-02
1.513862609863281250e-01
1.451396942138671875e-01
8.760958909988403320e-02
3.183364868164062500e-02
1.105429232120513916e-01
4.473048448562622070e-02
6.011834740638732910e-02
6.675973534584045410e-02
1.260101795196533203e-03
3.915023803710937500e-02
1.862198114395141602e-03
1.678943634033203125e-01
1.145035028457641602e-03
2.436190843582153320e-02
7.969027757644653320e-02
2.475291490554809570e-02
4.464593529701232910e-02
1.425908207893371582e-01
7.567086815834045410e-02
1.904359459877014160e-02
2.172660827636718750e-02
2.223253250122070312e-05
1.982599794864654541e-01
3.838473558425903320e-02
1.895013451576232910e-02
1.244347691535949707e-01
1.897481083869934082e-01
3.830757141113281250e-01
3.017359972000122070e-02
8.121553063392639160e-02
1.281998753547668457e-01
4.043388366699218750e-02
2.125039696693420410e-02
3.348475694656372070e-02
3.856402635574340820e-02
8.796244859695434570e-02
8.079844713211059570e-02
8.817735314369201660e-02
1.914277672767639160e-02
2.294793725013732910e-02
4.209962487220764160e-02
3.399276733398437500e-02
2.737870812416076660e-02
4.080009460449218750e-02
5.879074335098266602e-03
2.236175537109375000e-02
2.646699547767639160e-02
3.158378601074218750e-02
2.912011742591857910e-02
3.986993432044982910e-02
4.295730590820312500e-02
6.802493333816528320e-02
8.204585313796997070e-02
2.299690246582031250e-02
2.039337158203125000e-02
3.181838989257812500e-02
1.335341036319732666e-01
1.061058044433593750e-02
6.480151414871215820e-02
4.759913682937622070e-02
3.466033935546875000e-02
3.289858400821685791e-01
3.278985619544982910e-02
9.590148925781250000e-03
7.553353905677795410e-02
9.321784973144531250e-02
2.301025390625000000e-02
9.183055162429809570e-02
1.594734191894531250e-02
1.994075775146484375e-01
6.464630365371704102e-03
3.271675109863281250e-02
5.260530114173889160e-02
5.935013294219970703e-03
4.394274950027465820e-02
4.753366112709045410e-02
1.390710473060607910e-02
5.596733093261718750e-02
5.337524414062500000e-02
3.132754564285278320e-02
1.169287264347076416e-01
4.784899950027465820e-02
2.600479125976562500e-02
1.346397399902343750e-02
7.934504747390747070e-02
3.730326890945434570e-02
1.310265660285949707e-01
2.329316735267639160e-02
1.039314270019531250e-02
1.951533555984497070e-02
3.097659349441528320e-02
8.592796325683593750e-02
8.276492357254028320e-02
2.142906188964843750e-02
2.797442674636840820e-02
2.114740014076232910e-02
4.766908288002014160e-02
4.297065734863281250e-02
1.270991563796997070e-02
2.972665429115295410e-02
3.595733642578125000e-02
2.013713121414184570e-02
2.275401353836059570e-02
1.185351610183715820e-02
4.026919603347778320e-02
1.185989379882812500e-02
1.224867403507232666e-01
4.875117540359497070e-02
6.985336542129516602e-03
4.732638597488403320e-02
1.023799180984497070e-02
1.748400926589965820e-02
-4.881560802459716797e-03
1.541042327880859375e-01
7.040596008300781250e-02
2.387109398841857910e-02
-4.681289196014404297e-03
3.219795227050781250e-02
3.262990117073059082e-01
5.845767259597778320e-02
-1.240074634552001953e-04
2.086899876594543457e-01
-2.528518438339233398e-03
3.868991136550903320e-02
9.741845726966857910e-02
4.148453474044799805e-03
-2.572387456893920898e-03
5.020332336425781250e-02
4.775491356849670410e-02
1.158396303653717041e-01
4.102197289466857910e-02
1.143919527530670166e-01
2.294665575027465820e-02
5.410194396972656250e-02
4.194131493568420410e-02
1.279875338077545166e-01
1.207414269447326660e-02
3.784623742103576660e-02
4.568716585636138916e-01
1.544952392578125000e-03
5.893006920814514160e-02
1.030057072639465332e-01
2.083903551101684570e-02
2.017465233802795410e-02
4.957199096679687500e-03
5.215516686439514160e-02
2.897578477859497070e-02
3.116416931152343750e-02
2.874246239662170410e-02
3.106242418289184570e-02
7.870545983314514160e-02
5.542564392089843750e-02
6.145793199539184570e-02
3.825569152832031250e-02
1.621627807617187500e-02
1.125837862491607666e-01
1.287155151367187500e-01
2.688151597976684570e-02
2.922058105468750000e-02
9.424525499343872070e-02
1.502734422683715820e-02
2.116095125675201416e-01
1.388421654701232910e-02
5.611991882324218750e-02
5.531120300292968750e-02
1.551818847656250000e-02
8.586853742599487305e-03
9.901428222656250000e-02
2.394610643386840820e-02
9.039369225502014160e-02
5.095797777175903320e-02
2.047473192214965820e-02
4.329025745391845703e-03
6.120744347572326660e-02
3.550726473331451416e-01
2.566462755203247070e-02
4.292994737625122070e-02
3.453126549720764160e-02
2.044486999511718750e-02
7.812371850013732910e-02
2.227344512939453125e-01
1.799455285072326660e-02
7.788148522377014160e-02
1.927691698074340820e-02
8.115449547767639160e-02
9.307861328125000000e-03
3.841781616210937500e-02
3.884249925613403320e-02
5.318069458007812500e-02
5.064392089843750000e-02
3.165543079376220703e-03
1.148815155029296875e-01
1.723747253417968750e-01
3.553962707519531250e-01
2.168208360671997070e-02
1.510810852050781250e-02
6.244975328445434570e-02
3.411483764648437500e-02
1.413529515266418457e-01
2.634683251380920410e-02
1.011973619461059570e-02
3.804522752761840820e-02
4.845428466796875000e-02
2.316537499427795410e-02
3.110438585281372070e-02
4.663911461830139160e-02
2.605056762695312500e-02
1.243400573730468750e-02
4.939332604408264160e-02
1.274934411048889160e-02
1.408951878547668457e-01
2.049681246280670166e-01
3.662744164466857910e-02
3.287059068679809570e-02
1.211452484130859375e-01
4.888024926185607910e-02
4.932975769042968750e-02
2.653184533119201660e-02
3.572273254394531250e-02
1.335989534854888916e-01
2.964654564857482910e-02
2.197137475013732910e-02
3.272181749343872070e-02
3.854623436927795410e-02
6.566873192787170410e-02
2.160707116127014160e-02
2.602767944335937500e-02
1.064141392707824707e-01
1.281800866127014160e-02
4.431405663490295410e-02
3.911906480789184570e-02
9.065628051757812500e-03
1.313095092773437500e-01
1.409083604812622070e-02
4.752221703529357910e-02
2.770105004310607910e-02
5.919456481933593750e-02
1.941424608230590820e-02
1.746493577957153320e-02
-1.516371965408325195e-03
2.437081933021545410e-02
2.737998962402343750e-02
2.836543321609497070e-02
4.019418358802795410e-02
7.807093858718872070e-02
3.288394212722778320e-02
6.490325927734375000e-02
1.169139146804809570e-02
5.701762437820434570e-02
5.715042352676391602e-03
1.584559679031372070e-02
1.613679528236389160e-02
1.011714935302734375e-01
3.633433580398559570e-02
2.056628465652465820e-02
1.514750719070434570e-02
-6.462097167968750000e-03
8.064651489257812500e-02
4.196166992187500000e-02
1.556587219238281250e-02
3.079077303409576416e-01
8.458071947097778320e-02
5.264788866043090820e-02
7.476806640625000000e-03
1.400882005691528320e-02
2.826625108718872070e-02
2.443122863769531250e-02
3.644943237304687500e-02
2.262559533119201660e-02
1.300811767578125000e-02
8.885064721107482910e-02
2.230769395828247070e-02
-1.258879899978637695e-03
4.337435960769653320e-02
3.760591149330139160e-02
1.786727905273437500e-01
1.943141222000122070e-02
1.217585802078247070e-02
3.914195299148559570e-02
3.422546386718750000e-02
2.095413208007812500e-02
6.669107079505920410e-02
3.173953294754028320e-02
5.518150329589843750e-02
2.808505296707153320e-02
8.631068468093872070e-02
2.742892503738403320e-02
3.978219628334045410e-02
6.819024682044982910e-02
2.625656127929687500e-02
8.363342285156250000e-02
2.836990356445312500e-02
5.057588219642639160e-02
4.892921447753906250e-02
1.601473391056060791e-01
1.445458531379699707e-01
4.118281602859497070e-02
1.071101427078247070e-02
3.886285424232482910e-02
8.415475487709045410e-02
8.319979906082153320e-02
8.939552307128906250e-02
2.941131591796875000e-02
4.424858093261718750e-02
6.872430443763732910e-02
3.329911828041076660e-02
3.508377075195312500e-02
8.922576904296875000e-03
7.920771837234497070e-02
1.625123620033264160e-02
6.709414720535278320e-02
2.523231506347656250e-02
9.661293029785156250e-02
8.347809314727783203e-03
1.923877000808715820e-02
-4.018247127532958984e-04
2.164903283119201660e-02
4.404765367507934570e-02
1.097812652587890625e-01
3.018051385879516602e-03
5.843988060951232910e-02
1.869316101074218750e-01
1.548767089843750000e-02
2.370834350585937500e-03
2.327321171760559082e-01
5.506706237792968750e-02
6.290435791015625000e-02
8.794528245925903320e-02
7.341384887695312500e-03
7.149368524551391602e-03
6.152915954589843750e-02
8.690768480300903320e-02
1.782289147377014160e-02
3.962388634681701660e-02
1.713624596595764160e-02
2.933755517005920410e-02
2.150088548660278320e-02
2.997398376464843750e-02
1.412072777748107910e-02
2.703347802162170410e-02
1.024125218391418457e-01
2.676898241043090820e-02
6.514221429824829102e-03
2.431550621986389160e-02
4.699197411537170410e-02
2.984300255775451660e-02
7.292872667312622070e-02
6.695428490638732910e-02
4.155984520912170410e-02
4.451876878738403320e-02
3.358903527259826660e-02
4.850959777832031250e-02
-4.843413829803466797e-03
1.898890733718872070e-02
1.321016848087310791e-01
1.727173924446105957e-01
3.449755907058715820e-02
2.069535851478576660e-02
7.139205932617187500e-03
5.653953552246093750e-02
2.377825975418090820e-02
-2.821624279022216797e-03
1.453533172607421875e-01
2.430024743080139160e-02
-8.586257696151733398e-03
1.019096374511718750e-02
1.109057664871215820e-02
3.083038330078125000e-02
8.716264367103576660e-02
6.540924310684204102e-03
4.170417785644531250e-02
4.993820190429687500e-02
1.350390017032623291e-01
1.598992943763732910e-02
5.734252929687500000e-02
9.540238976478576660e-02
5.394172668457031250e-02
1.352563500404357910e-02
-1.150965690612792969e-04
8.155059814453125000e-02
5.553179979324340820e-02
2.924501895904541016e-04
4.217591881752014160e-02
2.394949495792388916e-01
2.290025353431701660e-02
2.285429537296295166e-01
1.756858825683593750e-02
1.958781480789184570e-02
5.031648278236389160e-02
2.951303124427795410e-02
1.720744371414184570e-02
3.970971703529357910e-02
9.805360436439514160e-02
2.611204683780670166e-01
6.534066796302795410e-02
-1.921355724334716797e-03
-7.127135992050170898e-03
7.582980394363403320e-02
6.325840950012207031e-04
5.109849572181701660e-02
5.873941183090209961e-01
-1.218223571777343750e-02
2.349115908145904541e-01
-1.415908336639404297e-03
2.571550011634826660e-02
3.490829467773437500e-02
9.092774987220764160e-02
3.025627136230468750e-02
4.063922166824340820e-02
-3.712981939315795898e-03
2.831202745437622070e-02
7.190704345703125000e-03
6.095820665359497070e-02
2.614739537239074707e-01
8.223214745521545410e-02
4.397010803222656250e-02
1.342073082923889160e-02
6.110125780105590820e-02
1.380551457405090332e-01
2.250987291336059570e-02
4.351288080215454102e-03
3.510600328445434570e-02
1.075890660285949707e-01
4.799014329910278320e-02
1.214872896671295166e-01
1.387786865234375000e-02
5.252581834793090820e-02
4.441833496093750000e-02
6.815582513809204102e-03
5.162048339843750000e-02
1.072533726692199707e-01
1.157734990119934082e-01
7.147461175918579102e-03
6.568336486816406250e-02
6.338435411453247070e-02
1.924514770507812500e-02
3.328323364257812500e-02
2.304649353027343750e-02
1.425927281379699707e-01
5.963516235351562500e-02
1.386323571205139160e-02
8.405029773712158203e-03
2.796143293380737305e-03
6.294694542884826660e-02
1.595738530158996582e-01
5.767503380775451660e-02
5.329385399818420410e-02
4.570323228836059570e-02
4.851084947586059570e-02
1.313304901123046875e-01
4.019671678543090820e-02
1.806449890136718750e-02
1.395541429519653320e-02
1.949310302734375000e-02
1.638221740722656250e-02
1.242890954017639160e-02
2.840423583984375000e-02
4.499179124832153320e-02
1.118132174015045166e-01
6.884828209877014160e-02
1.346270143985748291e-01
1.130478978157043457e-01
6.250125169754028320e-02
6.351596117019653320e-02
4.117584228515625000e-02
1.818466186523437500e-02
1.965776085853576660e-02
5.529212951660156250e-02
5.976420640945434570e-02
1.103019714355468750e-02
8.018809556961059570e-02
5.005836486816406250e-02
5.200505256652832031e-04
4.400506615638732910e-02
2.360215783119201660e-02
2.806597948074340820e-02
8.307519555091857910e-02
4.679977893829345703e-03
5.908328294754028320e-02
1.189675927162170410e-02
1.484233140945434570e-02
4.517853260040283203e-03
-5.516707897186279297e-03
4.756271839141845703e-03
1.958471834659576416e-01
6.762313842773437500e-02
7.699456810951232910e-02
2.398234605789184570e-02
-8.330672979354858398e-03
7.797685265541076660e-02
1.613360643386840820e-02
1.588630676269531250e-02
3.311663866043090820e-02
8.914119005203247070e-02
6.597900390625000000e-02
1.421559453010559082e-01
5.604296922683715820e-02
6.905555725097656250e-02
1.666870117187500000e-01
1.233100891113281250e-01
2.441912889480590820e-02
7.242900133132934570e-02
3.340974450111389160e-02
1.538467407226562500e-02
2.342414855957031250e-02
1.329987645149230957e-01
2.526536583900451660e-02
3.556948900222778320e-02
4.013124108314514160e-02
9.793153405189514160e-02
8.012580871582031250e-02
3.111964464187622070e-02
1.115601658821105957e-01
1.290467381477355957e-01
7.204180955886840820e-02
6.253540515899658203e-03
6.615129113197326660e-02
1.567012071609497070e-02
2.211061120033264160e-02
3.532725572586059570e-02
4.312896728515625000e-02
2.693429589271545410e-02
1.922160387039184570e-02
1.400337219238281250e-01
1.768174767494201660e-02
1.685714721679687500e-02
2.986207604408264160e-02
3.244018554687500000e-02
3.516131639480590820e-02
4.676562547683715820e-02
1.674582064151763916e-01
3.898620605468750000e-01
2.962365746498107910e-02
6.515437364578247070e-02
3.505450487136840820e-02
1.811471581459045410e-02
8.864465355873107910e-02
5.134645104408264160e-02
2.976989746093750000e-02
2.578225731849670410e-02
7.574969530105590820e-02
6.062442064285278320e-02
2.716508507728576660e-02
6.392151117324829102e-03
1.277858018875122070e-02
8.750468492507934570e-02
4.560786485671997070e-02
1.299228668212890625e-01
3.185397386550903320e-02
8.933639526367187500e-02
8.099681138992309570e-02
3.491210937500000000e-02
3.415423631668090820e-02
1.867917180061340332e-01
1.317704319953918457e-01
4.570451378822326660e-02
6.333732604980468750e-02
1.208049058914184570e-02
5.387049913406372070e-02
2.997398376464843750e-02
2.724009752273559570e-02
4.081916809082031250e-02
2.010971307754516602e-03
3.559494018554687500e-02
1.259492039680480957e-01
1.512461900711059570e-02
1.615498661994934082e-01
6.343811750411987305e-03
3.926211595535278320e-02
3.206806182861328125e-01
1.616984605789184570e-02
4.187709093093872070e-02
2.937442064285278320e-02
1.048150658607482910e-02
-4.777908325195312500e-03
1.446151733398437500e-02
2.507972717285156250e-02
1.939135789871215820e-02
3.320693969726562500e-02
2.522593736648559570e-02
9.504318237304687500e-03
2.556800842285156250e-02
5.534997582435607910e-02
6.659060716629028320e-02
7.759729027748107910e-02
7.214671373367309570e-02
8.733621239662170410e-02
7.081329822540283203e-03
1.472574770450592041e-01
4.538789391517639160e-02
1.102911531925201416e-01
3.367096185684204102e-03
9.445443749427795410e-02
1.050936281681060791e-01
1.097550988197326660e-02
1.742464601993560791e-01
9.412765502929687500e-03
4.265847802162170410e-02
4.623120427131652832e-01
9.614562988281250000e-02
1.066284179687500000e-01
-1.672118902206420898e-03
2.389907836914062500e-02
1.085853576660156250e-01
1.829096376895904541e-01
1.333862543106079102e-03
2.822047472000122070e-02
1.152680516242980957e-01
6.143188476562500000e-02
4.595375061035156250e-02
1.227130889892578125e-01
1.166426241397857666e-01
7.518959045410156250e-02
1.752471923828125000e-02
1.991462707519531250e-02
2.867126464843750000e-02
6.182414293289184570e-02
1.016551256179809570e-02
3.760972619056701660e-02
3.930407762527465820e-02
1.910907030105590820e-02
9.239640831947326660e-02
5.707675218582153320e-02
4.397708177566528320e-02
3.572717308998107910e-02
2.289515733718872070e-02
3.783351182937622070e-02
2.295237779617309570e-02
2.741050720214843750e-02
1.253757476806640625e-01
6.159019470214843750e-02
2.322322130203247070e-02
3.077951073646545410e-02
4.081916809082031250e-02
1.655548810958862305e-03
2.680409550666809082e-01
8.005768060684204102e-03
1.968637108802795410e-02
2.235475182533264160e-02
6.278735399246215820e-02
1.834422349929809570e-02
2.186393737792968750e-02
1.382910311222076416e-01
8.150544762611389160e-02
9.663835167884826660e-02
4.907608032226562500e-03
1.139003038406372070e-02
2.875772118568420410e-02
1.874223351478576660e-02
1.974231004714965820e-02
2.223396301269531250e-02
1.368966698646545410e-02
3.720747530460357666e-01
1.267795562744140625e-01
9.430247545242309570e-02
-7.502436637878417969e-04
2.919641137123107910e-02
8.388328552246093750e-02
1.491495668888092041e-01
1.083520054817199707e-01
3.566104173660278320e-02
2.396136522293090820e-02
3.566551208496093750e-02
1.965776085853576660e-02
1.879482269287109375e-01
2.546054124832153320e-02
7.303810119628906250e-02
1.755014061927795410e-02
4.311496019363403320e-02
2.478089928627014160e-02
1.439056396484375000e-01
2.734056115150451660e-02
1.274254918098449707e-01
4.550743103027343750e-02
3.268432617187500000e-02
8.867898583412170410e-02
7.990509271621704102e-03
4.794818162918090820e-02
3.545442223548889160e-02
1.876023411750793457e-01
8.892184495925903320e-02
5.129685997962951660e-02
1.283770799636840820e-02
1.450538635253906250e-02
9.576141834259033203e-03
6.056720018386840820e-02
3.570690155029296875e-01
4.179444909095764160e-02
6.573975086212158203e-03
3.509265184402465820e-02
9.571391344070434570e-02
1.148420870304107666e-01
5.699920654296875000e-02
3.823152184486389160e-02
9.004592895507812500e-03
5.038514733314514160e-02
4.898387193679809570e-02
1.855784654617309570e-02
3.326287865638732910e-02
4.476100206375122070e-02
2.378335595130920410e-02
3.770065307617187500e-02
9.733963012695312500e-02
5.416214466094970703e-03
1.343485414981842041e-01
1.561673283576965332e-01
4.831123352050781250e-02
4.937297105789184570e-02
1.559701561927795410e-02
2.085113525390625000e-02
6.878152489662170410e-02
6.311479210853576660e-02
2.593865990638732910e-02
3.732553124427795410e-02
1.411234438419342041e-01
3.567186892032623291e-01
-1.060485839843750000e-03
4.797607660293579102e-03
1.313546299934387207e-01
2.614083886146545410e-02
1.796722412109375000e-02
3.638565540313720703e-03
2.821794152259826660e-02
7.354798913002014160e-02
3.304862976074218750e-02
5.723696947097778320e-02
2.607332766056060791e-01
1.299139559268951416e-01
1.174214482307434082e-01
3.705978393554687500e-02
2.344003319740295410e-02
1.395288109779357910e-02
2.689486742019653320e-02
-9.683072566986083984e-04
3.221893310546875000e-02
6.998696923255920410e-02
-3.865659236907958984e-04
2.985444664955139160e-02
3.241157531738281250e-02
1.278114318847656250e-02
2.126884460449218750e-02
1.318603754043579102e-03
4.824763536453247070e-02
4.120445251464843750e-02
7.202401757240295410e-02
2.734246850013732910e-02
9.466707706451416016e-04
4.437699913978576660e-02
6.100526452064514160e-02
5.471482872962951660e-02
1.997500658035278320e-02
3.761863708496093750e-02
2.651849389076232910e-02
4.256439208984375000e-02
2.413111925125122070e-02
2.471268177032470703e-03
7.418823242187500000e-02
-1.723617315292358398e-03
9.847322106361389160e-02
2.015113830566406250e-02
8.877497911453247070e-02
9.954833984375000000e-02
6.693392992019653320e-02
3.475815057754516602e-03
5.967438220977783203e-03
4.192668199539184570e-02
3.718629479408264160e-02
1.623788475990295410e-02
3.496170043945312500e-02
1.648502349853515625e-01
6.688371300697326660e-02
2.140579223632812500e-01
5.238595604896545410e-02
3.946048021316528320e-02
7.828584313392639160e-02
7.057252526283264160e-02
5.763351917266845703e-03
2.238398790359497070e-02
7.722917199134826660e-02
2.998605370521545410e-02
2.890267968177795410e-02
2.753308415412902832e-01
-3.302276134490966797e-03
1.700121462345123291e-01
1.355202794075012207e-01
5.149841308593750000e-03
1.700845360755920410e-02
-4.727065563201904297e-03
3.198432922363281250e-02
1.969081163406372070e-02
2.181115746498107910e-02
1.980609893798828125e-01
2.737045288085937500e-02
4.179126024246215820e-02
3.700762987136840820e-02
7.609111070632934570e-02
6.070098876953125000e-01
1.773834228515625000e-02
1.535606384277343750e-02
1.385051012039184570e-02
1.459503173828125000e-02
1.560904085636138916e-01
1.050732731819152832e-01
4.044151306152343750e-02
1.206264495849609375e-01
6.435966491699218750e-02
2.014032006263732910e-02
4.320207238197326660e-02
5.154281854629516602e-03
1.679522097110748291e-01
8.817017078399658203e-03
5.084544420242309570e-02
2.776145935058593750e-02
1.604703068733215332e-01
8.073550462722778320e-02
1.885348558425903320e-02
3.625804185867309570e-02
1.292163133621215820e-02
9.699565172195434570e-02
1.291275024414062500e-01
1.126232147216796875e-01
3.483706712722778320e-02
5.883660912513732910e-02
1.970443725585937500e-01
1.271563768386840820e-02
3.994622826576232910e-02
4.095077514648437500e-02
1.507199406623840332e-01
2.433329820632934570e-02
2.476564049720764160e-02
1.762771606445312500e-02
6.163659691810607910e-02
3.407922387123107910e-02
5.781680345535278320e-02
4.688578844070434570e-02
2.620887756347656250e-02
6.150054931640625000e-02
3.033700585365295410e-02
9.721755981445312500e-03
1.002183556556701660e-02
8.316865563392639160e-02
1.151275634765625000e-02
3.530627489089965820e-02
5.716958642005920410e-02
1.402154564857482910e-02
5.474916100502014160e-02
1.174888610839843750e-01
2.043724060058593750e-02
7.636705040931701660e-02
4.572358727455139160e-02
1.527720689773559570e-02
2.907243371009826660e-02
5.517259240150451660e-02
8.842149376869201660e-02
9.656077623367309570e-02
2.628517150878906250e-02
6.855836510658264160e-02
5.216342210769653320e-02
5.592536926269531250e-02
1.103973388671875000e-02
6.555557250976562500e-02
2.937951683998107910e-02
1.138812303543090820e-02
4.047456383705139160e-02
7.814532518386840820e-02
-2.259582281112670898e-03
2.191162109375000000e-02
9.423127770423889160e-02
2.838259935379028320e-02
1.406453251838684082e-01
1.426277160644531250e-01
5.289393663406372070e-02
1.628023684024810791e-01
5.655288696289062500e-03
4.426002502441406250e-02
4.141169786453247070e-02
3.749591112136840820e-02
8.100444078445434570e-02
8.878579735755920410e-02
9.871155023574829102e-03
1.163876652717590332e-01
1.397921144962310791e-01
8.573913574218750000e-02
2.999430894851684570e-02
4.655900597572326660e-02
2.776461839675903320e-02
2.422593235969543457e-01
2.916145324707031250e-02
8.155822753906250000e-03
1.352754235267639160e-02
5.033683776855468750e-02
4.001742601394653320e-02
1.866817474365234375e-01
4.183322191238403320e-02
1.224129796028137207e-01
6.448364257812500000e-02
1.646760106086730957e-01
2.347689867019653320e-02
5.255126953125000000e-02
4.002061486244201660e-02
2.540269494056701660e-02
1.148268282413482666e-01
1.722207665443420410e-02
1.243273317813873291e-01
4.074412584304809570e-02
8.673220872879028320e-02
2.034631371498107910e-02
2.610459923744201660e-02
1.035601198673248291e-01
1.683998107910156250e-02
1.328716278076171875e-01
2.892428636550903320e-02
8.978652954101562500e-02
6.406128406524658203e-03
1.702880859375000000e-02
5.082574486732482910e-02
2.588778734207153320e-02
1.498475670814514160e-02
2.310624718666076660e-02
2.215129137039184570e-02
3.825694322586059570e-02
5.181947350502014160e-02
8.245530724525451660e-02
2.676010131835937500e-02
2.430406212806701660e-02
3.302890062332153320e-02
8.456802368164062500e-02
1.725959777832031250e-02
4.443231225013732910e-02
7.856941223144531250e-02
1.019795536994934082e-01
6.121125817298889160e-02
3.316432237625122070e-02
2.422904968261718750e-02
-4.901885986328125000e-04
2.636399865150451660e-02
3.770890831947326660e-02
1.405016481876373291e-01
5.288887023925781250e-02
3.612709045410156250e-02
2.701312303543090820e-02
5.185252428054809570e-02
6.490911245346069336e-01
5.538558959960937500e-02
3.748512268066406250e-02
-1.754760742187500000e-03
5.070419311523437500e-01
6.743302941322326660e-02
5.744171142578125000e-02
3.341865539550781250e-02
1.848664879798889160e-02
6.136447191238403320e-02
4.266420006752014160e-02
2.935791015625000000e-02
8.621841669082641602e-03
1.471644639968872070e-02
3.323298692703247070e-02
2.429515123367309570e-02
5.975085496902465820e-02
6.070262193679809570e-02
2.568688988685607910e-02
8.791795372962951660e-02
-2.456665039062500000e-03
7.055473327636718750e-02
5.290094017982482910e-02
1.074047088623046875e-01
1.128584444522857666e-01
1.460704803466796875e-01
1.144152879714965820e-02
4.364395141601562500e-02
1.443734765052795410e-02
3.217631578445434570e-02
1.424661278724670410e-02
2.889251708984375000e-02
6.739932298660278320e-02
1.344680786132812500e-02
1.948800683021545410e-02
1.940917968750000000e-02
1.636123657226562500e-02
5.072847008705139160e-02
1.229063570499420166e-01
6.268435716629028320e-02
5.455642938613891602e-03
-4.228591918945312500e-03
2.622538805007934570e-02
3.539276123046875000e-02
4.606118798255920410e-02
1.733779907226562500e-02
1.646232604980468750e-02
2.518779039382934570e-02
2.927780151367187500e-02
9.097397327423095703e-03
3.972178697586059570e-02
7.076835632324218750e-02
3.487840294837951660e-02
6.740504503250122070e-02
2.445271611213684082e-01
1.458102464675903320e-02
-6.312698125839233398e-03
4.178345203399658203e-03
2.336373925209045410e-02
3.606095910072326660e-02
1.252899169921875000e-01
1.200218200683593750e-01
1.746940612792968750e-02
7.119369506835937500e-02
1.500383019447326660e-02
6.149354577064514160e-02
6.171226501464843750e-02
3.274726867675781250e-02
2.327027916908264160e-02
4.804927110671997070e-02
1.633319854736328125e-01
3.356996178627014160e-02
2.850914001464843750e-02
1.082736253738403320e-02
-6.957381963729858398e-03
6.863784790039062500e-02
2.687269747257232666e-01
3.782716393470764160e-02
1.287040710449218750e-01
4.282251000404357910e-02
2.224597930908203125e-01
1.676692962646484375e-01
3.989726305007934570e-02
4.671287536621093750e-02
8.368808031082153320e-02
2.845636010169982910e-02
2.862167358398437500e-02
1.829910278320312500e-02
1.009494066238403320e-02
3.215342760086059570e-02
7.928818464279174805e-03
1.383120119571685791e-01
5.817094445228576660e-02
1.033210754394531250e-01
5.805969238281250000e-03
1.413033604621887207e-01
1.747207641601562500e-01
9.394317865371704102e-03
1.407939195632934570e-02
3.268051147460937500e-02
9.706559777259826660e-02
3.750228881835937500e-02
2.979278564453125000e-02
5.879402160644531250e-02
1.736131310462951660e-02
1.326942443847656250e-02
2.713137865066528320e-02
1.942950487136840820e-02
4.626274108886718750e-02
4.677200317382812500e-02
1.570199131965637207e-01
2.740097045898437500e-02
1.589997410774230957e-01
1.563835144042968750e-02
5.555087327957153320e-02
-5.517333745956420898e-03
2.086383104324340820e-02
1.265108585357666016e-04
1.282626390457153320e-02
2.674418687820434570e-02
1.021830141544342041e-01
1.173273622989654541e-01
7.264643907546997070e-02
2.238970994949340820e-02
5.150857567787170410e-02
3.079476952552795410e-02
4.511895775794982910e-02
4.968133568763732910e-02
2.346926927566528320e-02
2.356719970703125000e-02
1.069596409797668457e-01
1.035168766975402832e-01
3.837838768959045410e-02
4.249542951583862305e-03
2.410888671875000000e-03
7.443726062774658203e-03
3.202944993972778320e-02
1.341088414192199707e-01
1.318969726562500000e-01
-1.404464244842529297e-03
3.273636102676391602e-03
1.050586700439453125e-01
5.226451158523559570e-02
6.658363342285156250e-02
2.838325500488281250e-02
6.765365600585937500e-03
7.622399926185607910e-02
4.032579064369201660e-02
1.842098236083984375e-01
3.123536705970764160e-02
5.426850914955139160e-02
7.968264818191528320e-02
8.402886986732482910e-02
8.867263793945312500e-03
6.893783807754516602e-03
6.401506066322326660e-02
-4.844665527343750000e-04
2.855935692787170410e-02
8.055114746093750000e-02
4.361152648925781250e-02
4.006510972976684570e-02
4.519760608673095703e-03
1.364833116531372070e-02
2.676582336425781250e-02
5.305734276771545410e-02
3.217822313308715820e-02
3.679084777832031250e-02
1.118151247501373291e-01
6.733703613281250000e-02
1.810136437416076660e-02
2.432313561439514160e-02
5.011940002441406250e-02
1.654065251350402832e-01
2.821412682533264160e-02
5.671119689941406250e-02
6.655991077423095703e-03
6.014060974121093750e-02
3.451600670814514160e-02
6.426620483398437500e-02
9.855905175209045410e-02
2.068710327148437500e-02
9.253183007240295410e-02
1.241493225097656250e-02
3.897348046302795410e-02
5.955368280410766602e-03
4.368081688880920410e-02
-1.274764537811279297e-03
8.593049645423889160e-02
-1.199752092361450195e-03
5.891799926757812500e-03
8.898669481277465820e-02
7.672372460365295410e-02
6.707489490509033203e-03
9.562164545059204102e-03
2.635508775711059570e-02
5.957156419754028320e-02
4.227763414382934570e-02
9.482255578041076660e-02
9.119349718093872070e-02
1.073881685733795166e-01
6.321588158607482910e-02
1.278114318847656250e-02
2.777725458145141602e-03
8.105340600013732910e-02
2.178889513015747070e-02
6.017303466796875000e-02
3.177005052566528320e-02
7.241883873939514160e-02
6.471633911132812500e-02
1.036224365234375000e-01
1.902070641517639160e-02
1.396808624267578125e-01
2.639260888099670410e-02
4.188981652259826660e-02
4.405319690704345703e-03
-4.652678966522216797e-03
-8.731842041015625000e-03
3.315988183021545410e-02
3.980827331542968750e-02
1.174989342689514160e-02
1.339721679687500000e-02
2.439370751380920410e-02
5.790824890136718750e-01
1.212456822395324707e-01
4.008439183235168457e-01
2.905063629150390625e-01
4.324722290039062500e-02
-4.667937755584716797e-03
3.897285461425781250e-02
1.729100346565246582e-01
1.484543085098266602e-03
9.644761681556701660e-02
5.131721496582031250e-02
7.155716419219970703e-03
2.466738224029541016e-04
1.586532592773437500e-02
7.698184251785278320e-02
3.191757202148437500e-02
2.895170748233795166e-01
1.044476628303527832e-01
1.692390441894531250e-02
2.938777208328247070e-02
5.426150560379028320e-02
2.560487389564514160e-02
3.753509521484375000e-01
2.348327636718750000e-02
2.796173095703125000e-02
1.697349548339843750e-02
3.121247887611389160e-02
7.150012254714965820e-02
2.305856347084045410e-02
4.804420471191406250e-02
9.944260120391845703e-03
1.812806725502014160e-02
4.210215806961059570e-02
3.236740827560424805e-03
1.445260643959045410e-02
9.650927782058715820e-02
4.844537377357482910e-02
1.198703050613403320e-02
-1.121520996093750000e-03
1.354843378067016602e-03
1.374740600585937500e-01
3.689828515052795410e-02
1.111537218093872070e-02
2.600541710853576660e-02
1.444485783576965332e-01
6.718254089355468750e-02
1.445465087890625000e-01
7.067933678627014160e-02
9.009423851966857910e-02
2.240104675292968750e-01
1.109803318977355957e-01
2.793055772781372070e-02
9.621492028236389160e-02
3.869819641113281250e-02
2.422586083412170410e-02
6.616210937500000000e-02
1.271882653236389160e-02
1.476262211799621582e-01
1.113700866699218750e-02
5.053010582923889160e-02
3.829383850097656250e-02
9.790545701980590820e-02
8.998215198516845703e-03
3.041011095046997070e-02
3.323999047279357910e-02
1.586404442787170410e-02
3.044253587722778320e-02
6.725311279296875000e-02
-5.779922008514404297e-03
1.142755150794982910e-02
4.949885606765747070e-02
3.552818298339843750e-02
2.952766418457031250e-02
1.274362206459045410e-02
3.442317247390747070e-02
2.308717370033264160e-02
5.604043602943420410e-02
3.945031762123107910e-02
1.424026489257812500e-02
1.163120269775390625e-01
6.086856126785278320e-02
1.386457979679107666e-01
-1.988738775253295898e-03
4.086166620254516602e-03
1.829338073730468750e-02
2.654838562011718750e-02
8.643785119056701660e-02
3.055888414382934570e-02
-6.323516368865966797e-03
4.186373949050903320e-02
1.429939270019531250e-02
3.408494591712951660e-02
3.160730004310607910e-02
3.764405846595764160e-02
1.261857151985168457e-01
3.168869018554687500e-02
-2.842605113983154297e-03
9.736359119415283203e-03
9.251892566680908203e-03
6.849542260169982910e-02
6.439080834388732910e-02
1.257387697696685791e-01
1.223023533821105957e-01
5.426377058029174805e-03
2.556100487709045410e-02
1.434960961341857910e-02
2.004241943359375000e-02
5.902224779129028320e-02
2.924981713294982910e-02
8.413314819335937500e-03
8.659487962722778320e-02
3.124732971191406250e-01
5.938082933425903320e-02
2.177554368972778320e-02
9.233728051185607910e-02
1.450663805007934570e-02
8.570253849029541016e-04
8.681595325469970703e-03
1.634133458137512207e-01
4.922610521316528320e-02
1.531091332435607910e-02
7.385888695716857910e-02
5.633163452148437500e-02
7.884323596954345703e-03
2.786757051944732666e-01
4.686990380287170410e-02
-1.829802989959716797e-03
5.471801757812500000e-02
2.337074279785156250e-02
5.756440758705139160e-02
6.973329186439514160e-02
1.986929476261138916e-01
4.495620727539062500e-03
-5.118697881698608398e-03
9.485435485839843750e-02
1.858520507812500000e-02
4.487991333007812500e-02
1.112937927246093750e-02
2.369117736816406250e-02
8.230715990066528320e-02
3.781700134277343750e-02
3.128939867019653320e-02
2.889695763587951660e-02
2.553430199623107910e-02
4.425048828125000000e-03
1.407748460769653320e-02
1.148477196693420410e-02
1.330903172492980957e-01
1.886558532714843750e-02
8.598327636718750000e-03
3.716468811035156250e-02
6.289926171302795410e-02
2.570405602455139160e-02
-7.287353277206420898e-03
2.128282189369201660e-02
3.460755944252014160e-02
5.489349365234375000e-02
4.059153795242309570e-02
1.441555023193359375e-01
-5.899429321289062500e-03
1.447740197181701660e-02
2.359071373939514160e-02
4.715919494628906250e-02
3.260612487792968750e-02
8.513069152832031250e-02
1.494279503822326660e-02
1.832389831542968750e-02
7.067233324050903320e-02
2.615600824356079102e-03
1.822978258132934570e-02
9.441119432449340820e-02
5.041658878326416016e-04
6.191444396972656250e-02
3.925576806068420410e-02
2.450942993164062500e-02
4.088592529296875000e-02
1.082673668861389160e-02
2.824273705482482910e-02
1.234893798828125000e-01
8.919906616210937500e-02
1.096992492675781250e-01
1.266384124755859375e-01
4.825782775878906250e-02
4.977351427078247070e-02
2.739181518554687500e-01
2.000236511230468750e-02
1.443405151367187500e-01
7.555633783340454102e-03
4.506683349609375000e-02
1.482325792312622070e-02
2.155615389347076416e-01
6.898561120033264160e-02
3.585749864578247070e-02
4.056453704833984375e-01
8.628144860267639160e-02
2.331095933914184570e-02
8.177629113197326660e-02
9.728103876113891602e-03
8.792877197265625000e-03
1.439774632453918457e-01
5.987802147865295410e-02
4.272359013557434082e-01
3.340721130371093750e-02
3.039994835853576660e-02
4.321098327636718750e-02
1.277160644531250000e-02
2.711167931556701660e-02
3.431129455566406250e-02
4.026031494140625000e-02
7.581901550292968750e-02
1.736233830451965332e-01
8.973121643066406250e-02
1.624298095703125000e-02
9.425416588783264160e-02
3.313508629798889160e-02
-5.377471446990966797e-03
-4.768669605255126953e-04
5.773544311523437500e-03
8.068400621414184570e-02
1.201120018959045410e-02
6.140518188476562500e-02
6.565284729003906250e-02
2.797761559486389160e-02
3.907901048660278320e-02
3.665605187416076660e-02
1.002527773380279541e-01
3.229647874832153320e-02
4.934054613113403320e-02
1.849108934402465820e-02
3.875413537025451660e-02
4.927217960357666016e-04
4.186883568763732910e-02
5.896121263504028320e-02
3.391200304031372070e-02
2.174079418182373047e-04
4.371386766433715820e-02
1.450920104980468750e-02
1.080067753791809082e-01
5.106163024902343750e-02
4.032069444656372070e-02
4.874229431152343750e-02
3.117859363555908203e-03
8.111381530761718750e-02
1.159992218017578125e-01
-3.808438777923583984e-04
1.187960207462310791e-01
2.373057603836059570e-02
9.031295776367187500e-03
1.051056981086730957e-01
1.948100328445434570e-02
4.039764404296875000e-02
2.575999498367309570e-02
6.567537784576416016e-04
5.605697631835937500e-03
2.403882145881652832e-01
1.701417565345764160e-02
6.366729736328125000e-03
1.761627197265625000e-02
1.833850145339965820e-02
1.396813988685607910e-02
3.133836388587951660e-02
6.804782152175903320e-02
1.559092104434967041e-01
8.747726678848266602e-03
4.357782006263732910e-02
2.177363634109497070e-02
7.754623889923095703e-03
1.492220461368560791e-01
1.368058323860168457e-01
1.281757354736328125e-01
4.780769348144531250e-02
3.330351412296295166e-01
3.021556138992309570e-02
4.021769762039184570e-02
3.532174229621887207e-01
1.016235351562500000e-02
1.302528381347656250e-02
1.639404296875000000e-01
1.295146942138671875e-01
2.044421434402465820e-02
1.182237267494201660e-02
2.475350499153137207e-01
1.722323000431060791e-01
9.426432847976684570e-02
1.853058934211730957e-01
7.233810424804687500e-02
8.150735497474670410e-02
1.405650377273559570e-02
9.996414184570312500e-03
8.223533630371093750e-02
1.071268618106842041e-01
3.252282738685607910e-02
1.507121324539184570e-02
3.038698732852935791e-01
1.740708947181701660e-02
1.052537560462951660e-02
3.196144104003906250e-02
6.759515404701232910e-02
3.975611925125122070e-02
2.303218841552734375e-01
1.225007176399230957e-01
1.471644639968872070e-02
2.566272020339965820e-02
7.738748192787170410e-02
2.206459045410156250e-01
1.392999291419982910e-02
4.443168640136718750e-02
2.374649047851562500e-02
7.097369432449340820e-02
1.822343468666076660e-02
2.331668138504028320e-02
2.986145019531250000e-02
1.400712132453918457e-01
4.645028710365295410e-02
8.798724412918090820e-02
4.844537377357482910e-02
4.218798875808715820e-02
8.130073547363281250e-02
3.167977929115295410e-02
4.412651062011718750e-02
3.773942589759826660e-02
1.085251569747924805e-03
1.179637908935546875e-01
5.716639757156372070e-02
4.979005455970764160e-02
9.345561265945434570e-02
2.381134033203125000e-02
8.810487389564514160e-02
3.766357898712158203e-03
4.183769226074218750e-02
4.402413964271545410e-02
1.947274804115295410e-02
4.158654808998107910e-02
1.569938659667968750e-02
5.449104309082031250e-02
3.839550018310546875e-01
2.695789337158203125e-01
2.792039513587951660e-02
4.313784837722778320e-02
1.969590783119201660e-02
1.063853502273559570e-02
5.555450916290283203e-03
1.318130493164062500e-01
6.734591722488403320e-02
5.356660485267639160e-02
2.458062767982482910e-02
8.886271715164184570e-02
5.507767200469970703e-03
3.410211205482482910e-02
1.099052429199218750e-01
3.219538927078247070e-02
3.969636559486389160e-02
4.370814561843872070e-02
3.903451561927795410e-02
5.693435668945312500e-02
4.955163598060607910e-02
3.417903184890747070e-02
7.285243272781372070e-02
2.193285524845123291e-01
8.802413940429687500e-03
1.740074157714843750e-02
2.416610717773437500e-02
8.039155602455139160e-02
2.652168273925781250e-02
3.794732689857482910e-02
2.363586425781250000e-02
1.004981994628906250e-02
2.054595947265625000e-02
1.342239379882812500e-01
5.645051598548889160e-02
6.459534168243408203e-03
4.323258996009826660e-02
2.594375610351562500e-02
6.219863891601562500e-03
2.749582827091217041e-01
1.297059655189514160e-02
1.528669893741607666e-01
3.542643785476684570e-02
2.024955749511718750e-01
5.639964342117309570e-02
8.505120873451232910e-02
1.591426134109497070e-02
3.748321533203125000e-02
1.799583435058593750e-02
4.674273729324340820e-02
5.143547058105468750e-02
1.078096926212310791e-01
3.604888916015625000e-02
2.360087633132934570e-02
9.753924608230590820e-02
7.317841053009033203e-03
3.882280886173248291e-01
5.344897508621215820e-02
1.121774315834045410e-02
1.940536499023437500e-02
4.951921105384826660e-02
1.837348937988281250e-02
2.973490953445434570e-02
1.707839965820312500e-02
3.057223558425903320e-02
2.464688420295715332e-01
5.413371324539184570e-02
1.209002733230590820e-02
2.316147089004516602e-03
2.887469530105590820e-02
9.625107049942016602e-03
4.037347435951232910e-02
5.207505822181701660e-02
4.435282945632934570e-02
1.774845123291015625e-01
1.305198669433593750e-02
3.854095935821533203e-03
-7.636398077011108398e-03
8.570542931556701660e-02
1.112365722656250000e-01
7.630348205566406250e-02
1.158084869384765625e-01
1.500364840030670166e-01
5.985885858535766602e-03
6.003633141517639160e-02
3.363481163978576660e-02
2.560303807258605957e-01
1.375961303710937500e-02
1.023989915847778320e-02
5.685564279556274414e-01
1.382948458194732666e-01
1.061420440673828125e-01
3.109294176101684570e-02
7.618394494056701660e-02
3.492099046707153320e-02
4.413157701492309570e-02
1.074153184890747070e-02
2.235156297683715820e-02
7.942199707031250000e-03
6.594339013099670410e-02
3.195825219154357910e-02
-2.992004156112670898e-03
4.358100891113281250e-02
1.531916856765747070e-02
1.880770921707153320e-02
1.719284057617187500e-02
1.129150390625000000e-02
4.756799340248107910e-02
3.101158142089843750e-02
2.688051760196685791e-01
8.936944603919982910e-02
7.163745164871215820e-02
7.157707214355468750e-02
2.524375915527343750e-02
5.491256713867187500e-02
7.235017418861389160e-02
5.871453881263732910e-02
5.528640747070312500e-02
2.856190800666809082e-01
3.315162658691406250e-02
2.029228210449218750e-02
1.678529381752014160e-02
1.501527428627014160e-02
2.754083275794982910e-02
1.146691441535949707e-01
5.305162072181701660e-02
1.073199510574340820e-02
1.320329308509826660e-02
8.199882507324218750e-02
2.768188714981079102e-03
3.179168701171875000e-02
3.900718688964843750e-02
2.937018871307373047e-04
6.789270043373107910e-02
1.506042480468750000e-02
3.309565782546997070e-02
1.403496861457824707e-01
6.574630737304687500e-02
2.807489037513732910e-02
1.605936586856842041e-01
4.930558800697326660e-02
1.262098848819732666e-01
7.733088731765747070e-02
4.453721642494201660e-02
7.846260070800781250e-02
1.533824205398559570e-02
5.434733629226684570e-02
-1.218351721763610840e-02
9.778022766113281250e-02
3.002101182937622070e-02
1.053619384765625000e-02
6.470680236816406250e-02
2.703157067298889160e-02
7.147470116615295410e-02
-8.390426635742187500e-03
4.553794860839843750e-02
2.977371215820312500e-03
3.041711449623107910e-02
3.847247362136840820e-02
2.539506554603576660e-02
4.665118455886840820e-02
6.571832299232482910e-02
8.867889642715454102e-03
2.752494812011718750e-02
1.506334841251373291e-01
3.357949852943420410e-02
1.790809631347656250e-02
3.970336914062500000e-02
2.629786729812622070e-02
8.273568749427795410e-02
3.319674730300903320e-02
1.332747042179107666e-01
5.007424950599670410e-02
2.771027684211730957e-01
3.928309679031372070e-02
2.229601442813873291e-01
3.117877244949340820e-02
8.270072937011718750e-02
