9.999542236328125000e-01
8.745212554931640625e-01
8.247629404067993164e-01
7.388439178466796875e-01
7.063592672348022461e-01
6.889845132827758789e-01
6.508108377456665039e-01
7.948913574218750000e-01
5.846742391586303711e-01
6.225547790527343750e-01
5.676168203353881836e-01
5.473321676254272461e-01
5.020065307617187500e-01
4.797611236572265625e-01
6.500339508056640625e-01
5.900173187255859375e-01
4.468186497688293457e-01
5.344079732894897461e-01
4.794966280460357666e-01
4.469038546085357666e-01
4.629866182804107666e-01
5.040448904037475586e-01
3.953653872013092041e-01
4.460760653018951416e-01
4.155858159065246582e-01
4.362602233886718750e-01
3.686523437500000000e-01
4.076315462589263916e-01
3.690255284309387207e-01
3.535162508487701416e-01
3.650048375129699707e-01
3.327299654483795166e-01
3.245182037353515625e-01
2.837333679199218750e-01
3.174629211425781250e-01
3.077875673770904541e-01
3.132699131965637207e-01
2.679932713508605957e-01
2.770830690860748291e-01
2.961145937442779541e-01
3.304500579833984375e-01
3.382434844970703125e-01
2.476431429386138916e-01
3.521811068058013916e-01
2.448228001594543457e-01
2.531414031982421875e-01
2.293364107608795166e-01
2.565790712833404541e-01
2.416038513183593750e-01
2.102330327033996582e-01
5.167490243911743164e-01
2.208582460880279541e-01
2.353566288948059082e-01
2.435359954833984375e-01
2.427323460578918457e-01
1.913267672061920166e-01
2.889493107795715332e-01
2.081756591796875000e-01
1.761563420295715332e-01
1.950569152832031250e-01
1.900265812873840332e-01
4.269008636474609375e-01
1.496601104736328125e-01
1.733957827091217041e-01
1.846370697021484375e-01
1.519241333007812500e-01
1.666285097599029541e-01
2.168807983398437500e-01
1.726112365722656250e-01
1.872075200080871582e-01
1.630490422248840332e-01
1.558558046817779541e-01
1.431713104248046875e-01
1.856002807617187500e-01
1.209316253662109375e-01
1.353479921817779541e-01
1.637884676456451416e-01
1.553071141242980957e-01
1.139348149299621582e-01
1.453475952148437500e-01
1.616484224796295166e-01
1.131699681282043457e-01
1.998341679573059082e-01
9.372836351394653320e-02
1.350250244140625000e-01
2.029940187931060791e-01
1.432380676269531250e-01
1.265697479248046875e-01
1.074256896972656250e-01
1.307773590087890625e-01
6.948405504226684570e-02
9.695941209793090820e-02
3.282457888126373291e-01
1.035397648811340332e-01
7.092919945716857910e-02
7.693734765052795410e-02
1.867147982120513916e-01
3.031673431396484375e-01
5.669403076171875000e-02
8.557763695716857910e-02
1.025555729866027832e-01
9.511691331863403320e-02
6.344157457351684570e-02
1.782207489013671875e-01
1.069011688232421875e-01
1.026973724365234375e-01
4.190507531166076660e-02
7.649737596511840820e-02
1.411240696907043457e-01
5.037814378738403320e-02
8.656817674636840820e-02
3.225070238113403320e-02
3.069621324539184570e-02
2.837115526199340820e-02
5.177307128906250000e-02
2.006912231445312500e-01
6.480151414871215820e-02
9.038269519805908203e-03
1.956620812416076660e-02
6.082725524902343750e-02
3.016534447669982910e-02
1.485239565372467041e-01
2.116328477859497070e-02
4.570633172988891602e-03
1.019070744514465332e-01
4.306283593177795410e-02
1.804542541503906250e-02
1.061183214187622070e-02
5.945521593093872070e-02
6.104722619056701660e-02
-1.925170421600341797e-03
2.881348133087158203e-03
1.628366112709045410e-02
8.665782213211059570e-02
1.782479882240295410e-02
2.447128295898437500e-02
8.051615953445434570e-02
1.294434070587158203e-03
3.789773583412170410e-02
9.074908494949340820e-02
2.547073364257812500e-02
2.839660644531250000e-02
6.702041625976562500e-02
1.243525743484497070e-02
2.751222252845764160e-02
4.431396722793579102e-03
5.001038312911987305e-03
5.464553833007812500e-03
2.238571643829345703e-03
2.035331726074218750e-02
-4.117339849472045898e-03
-5.024671554565429688e-05
7.256805896759033203e-03
4.768997430801391602e-03
1.692237854003906250e-01
1.754175722599029541e-01
8.753901720046997070e-02
4.652023315429687500e-02
6.967735290527343750e-02
6.266891956329345703e-03
4.484301805496215820e-02
5.246859788894653320e-02
2.441024780273437500e-02
3.197222948074340820e-02
5.512237548828125000e-03
1.244010925292968750e-01
4.279434680938720703e-03
-3.133773803710937500e-03
7.718148827552795410e-02
4.878342151641845703e-03
4.297792911529541016e-04
3.421336412429809570e-02
4.878678917884826660e-02
2.563410997390747070e-02
7.273346185684204102e-03
-2.494812011718750000e-03
1.372585296630859375e-01
3.531008958816528320e-02
2.674990892410278320e-02
1.085929870605468750e-01
1.383056640625000000e-01
3.263899385929107666e-01
2.045303583145141602e-03
4.535865783691406250e-02
8.911705017089843750e-02
2.330780029296875000e-02
2.443185448646545410e-02
6.273776292800903320e-02
3.129449486732482910e-02
1.006749272346496582e-01
6.488990783691406250e-02
5.071067810058593750e-02
9.523391723632812500e-03
3.434306383132934570e-02
2.727508544921875000e-04
4.891711473464965820e-02
8.617401123046875000e-03
3.765359520912170410e-02
5.048096179962158203e-03
2.243804931640625000e-02
9.045273065567016602e-03
1.178294420242309570e-02
2.046585083007812500e-03
2.910041809082031250e-02
2.912521362304687500e-03
3.650537133216857910e-02
4.596582055091857910e-02
1.211357116699218750e-02
9.065598249435424805e-03
3.143119812011718750e-02
1.222050786018371582e-01
2.074813842773437500e-02
8.333459496498107910e-02
2.487817406654357910e-02
2.860641479492187500e-02
2.855129241943359375e-01
2.636718750000000000e-02
1.904740929603576660e-02
5.957093834877014160e-02
1.080989837646484375e-01
-1.944243907928466797e-03
2.583175897598266602e-03
-5.266845226287841797e-03
2.043927311897277832e-01
1.967728137969970703e-03
2.239352464675903320e-02
1.135379076004028320e-02
1.878482103347778320e-02
7.184326648712158203e-03
4.048854112625122070e-02
-1.171430945396423340e-02
4.412141442298889160e-02
2.700614929199218750e-02
1.080194115638732910e-02
7.812309265136718750e-02
7.628566026687622070e-02
2.104949951171875000e-02
1.329484581947326660e-02
1.169579625129699707e-01
8.962756395339965820e-02
8.073678612709045410e-02
3.907585144042968750e-02
3.572273254394531250e-02
2.957642078399658203e-03
2.609887719154357910e-02
1.701036095619201660e-02
1.486331224441528320e-02
5.976974964141845703e-03
1.758509874343872070e-02
3.169184923171997070e-02
2.627944946289062500e-02
4.143205285072326660e-02
-6.736129522323608398e-03
2.845764160156250000e-02
1.906710863113403320e-02
3.336778283119201660e-02
2.536964416503906250e-02
5.593597888946533203e-03
-1.767486333847045898e-03
-6.342589855194091797e-03
8.553567528724670410e-02
6.083613634109497070e-02
5.055725574493408203e-03
3.981399536132812500e-02
2.473640441894531250e-02
1.691690087318420410e-02
-2.768844366073608398e-03
5.626106262207031250e-02
1.323401033878326416e-01
1.906204223632812500e-02
-3.111541271209716797e-03
-3.740966320037841797e-03
2.550131380558013916e-01
8.909225463867187500e-03
7.312744855880737305e-03
1.860567629337310791e-01
-4.767745733261108398e-03
2.283477783203125000e-02
1.141954958438873291e-01
3.592163324356079102e-03
7.340729236602783203e-03
1.858964562416076660e-02
9.012222290039062500e-03
8.080226182937622070e-02
8.061081171035766602e-03
8.301287889480590820e-02
3.628793358802795410e-02
4.018974304199218750e-02
3.127986192703247070e-02
4.629388451576232910e-02
1.542025804519653320e-02
3.622817993164062500e-02
2.099323272705078125e-01
-1.013565063476562500e-02
3.813105821609497070e-02
1.223678588867187500e-01
-2.187192440032958984e-04
1.266413927078247070e-02
4.277527332305908203e-03
1.014262437820434570e-02
2.027192711830139160e-02
6.129390001296997070e-02
4.052925109863281250e-02
9.909927845001220703e-03
5.969744920730590820e-02
5.418586730957031250e-02
1.371255517005920410e-02
1.516914367675781250e-02
1.835885643959045410e-02
6.795945763587951660e-02
1.033051609992980957e-01
1.805111765861511230e-02
-6.891906261444091797e-03
6.236773729324340820e-02
1.335769891738891602e-03
9.499612450599670410e-02
2.314057946205139160e-02
1.810008287429809570e-02
3.790092468261718750e-02
-6.693542003631591797e-03
5.594879388809204102e-03
7.580882310867309570e-02
3.359603881835937500e-02
4.076766967773437500e-02
2.930641174316406250e-02
2.618408203125000000e-02
7.027924060821533203e-03
5.901780724525451660e-02
3.413378298282623291e-01
-8.951187133789062500e-03
7.804214954376220703e-03
3.013864159584045410e-02
1.572862267494201660e-02
2.898278832435607910e-02
1.440258026123046875e-01
3.741326928138732910e-02
7.835894823074340820e-02
1.618891954421997070e-02
3.059196472167968750e-02
1.932841539382934570e-02
3.800264000892639160e-02
3.319865465164184570e-02
2.048236131668090820e-02
4.449081420898437500e-02
4.014968872070312500e-03
6.262332201004028320e-02
2.320986986160278320e-02
3.868236541748046875e-01
7.483154535293579102e-03
-1.334637403488159180e-02
2.932482957839965820e-02
2.804374694824218750e-02
1.055520176887512207e-01
1.942378282546997070e-02
-1.043891906738281250e-02
2.955561876296997070e-02
-5.416870117187500000e-04
1.869264245033264160e-02
3.019648790359497070e-02
8.504211902618408203e-03
4.038810729980468750e-02
1.450091600418090820e-02
2.536135911941528320e-02
7.362365722656250000e-04
9.684371948242187500e-02
1.681257784366607666e-01
3.411865234375000000e-02
1.352816820144653320e-02
1.255696415901184082e-01
1.914912462234497070e-02
5.692034959793090820e-02
1.741218566894531250e-02
1.554489135742187500e-02
5.635070800781250000e-02
2.902221679687500000e-02
2.459588646888732910e-02
4.126420617103576660e-02
5.332627892494201660e-02
5.496215820312500000e-02
-3.948211669921875000e-03
9.838730096817016602e-03
9.045916795730590820e-02
4.876434803009033203e-03
2.336502075195312500e-03
1.803967356681823730e-02
1.129022240638732910e-02
1.234696507453918457e-01
1.982688903808593750e-02
3.026962280273437500e-02
1.870661973953247070e-02
2.152633666992187500e-02
9.171783924102783203e-03
3.827410936355590820e-02
-5.886077880859375000e-03
1.822471618652343750e-02
1.653605699539184570e-02
-2.165496349334716797e-03
3.042855858802795410e-02
4.322686791419982910e-02
1.997882127761840820e-02
3.907075524330139160e-02
5.751907825469970703e-03
1.083183288574218750e-02
5.852997303009033203e-03
3.040504455566406250e-02
-9.455382823944091797e-03
7.223320007324218750e-02
6.017655134201049805e-03
1.319229602813720703e-03
1.801171898841857910e-02
4.972457885742187500e-03
7.331591844558715820e-02
5.864524841308593750e-02
4.763901233673095703e-03
2.290306091308593750e-01
6.084886193275451660e-02
2.447825670242309570e-02
2.434849739074707031e-04
-6.831496953964233398e-03
3.935241699218750000e-02
-1.380920410156250000e-03
1.317721605300903320e-02
2.660113573074340820e-02
2.861785888671875000e-02
8.061662316322326660e-02
-8.153915405273437500e-03
-1.169860363006591797e-03
9.944915771484375000e-03
4.179316759109497070e-02
1.672096252441406250e-01
6.428390741348266602e-03
3.920045495033264160e-02
-3.182739019393920898e-03
3.668022155761718750e-02
1.294580101966857910e-02
1.160996556282043457e-01
5.600738525390625000e-02
3.030586242675781250e-02
3.223800659179687500e-02
3.482180833816528320e-02
6.881058216094970703e-03
1.341944932937622070e-02
3.708964586257934570e-02
1.995849609375000000e-02
4.063668847084045410e-02
4.379016160964965820e-02
4.658699035644531250e-02
2.087146043777465820e-02
1.727333068847656250e-01
1.176980137825012207e-01
1.819610595703125000e-02
6.684601306915283203e-03
1.137033104896545410e-02
2.575746178627014160e-02
7.707339525222778320e-02
8.292323350906372070e-02
6.561279296875000000e-03
1.423197984695434570e-02
5.160203576087951660e-02
2.295684814453125000e-02
1.210528612136840820e-02
1.008287072181701660e-02
7.276216149330139160e-02
1.165324449539184570e-02
8.229127526283264160e-02
2.900439500808715820e-02
3.513908386230468750e-02
9.346634149551391602e-03
2.975654602050781250e-02
-1.381874084472656250e-02
1.621752977371215820e-02
2.075067162513732910e-02
5.355325341224670410e-02
4.437744617462158203e-03
3.335252404212951660e-02
1.323890686035156250e-01
1.457023620605468750e-02
-1.451429724693298340e-02
8.832865953445434570e-02
3.588929772377014160e-02
1.783752441406250000e-02
2.748170495033264160e-02
1.631417870521545410e-02
-5.746841430664062500e-03
2.213922142982482910e-02
1.699700951576232910e-02
1.896411180496215820e-02
1.198703050613403320e-02
4.568162560462951660e-02
2.105203270912170410e-02
7.542282342910766602e-03
-1.993179321289062500e-03
-3.166198730468750000e-03
9.260147809982299805e-03
1.000550389289855957e-01
-4.676818847656250000e-03
2.523958683013916016e-04
-2.227783203125000000e-03
2.396011352539062500e-02
1.392045617103576660e-02
7.000795006752014160e-02
9.576731920242309570e-02
3.073626756668090820e-02
9.848177433013916016e-04
2.730041742324829102e-03
2.175202965736389160e-02
-6.778717041015625000e-03
2.534419298171997070e-02
1.513061523437500000e-01
2.094770967960357666e-01
-1.988112926483154297e-03
4.413667321205139160e-02
6.750732660293579102e-03
4.541650414466857910e-02
7.776230573654174805e-03
-3.438323736190795898e-03
1.200892031192779541e-01
4.697799682617187500e-03
-1.403936743736267090e-02
5.017578601837158203e-03
5.319595336914062500e-03
1.028504967689514160e-02
5.428504943847656250e-02
-1.890182495117187500e-03
3.747811913490295410e-02
4.774537682533264160e-02
1.391220092773437500e-01
9.853363037109375000e-03
7.233491539955139160e-02
6.139373779296875000e-02
4.007273912429809570e-02
-5.346953868865966797e-03
-9.358823299407958984e-04
4.172259569168090820e-02
2.620887756347656250e-02
-1.707106828689575195e-03
2.344194054603576660e-02
1.711857914924621582e-01
1.900607347488403320e-02
1.787935793399810791e-01
1.270166039466857910e-02
2.898532152175903320e-02
1.098820567131042480e-02
1.156997680664062500e-02
3.933587670326232910e-02
3.181901574134826660e-02
8.668580651283264160e-02
2.300065159797668457e-01
4.380923509597778320e-02
-7.380813360214233398e-03
2.857178449630737305e-03
7.080459594726562500e-02
4.482269287109375000e-03
9.591293334960937500e-02
3.374016880989074707e-01
-4.791259765625000000e-03
9.228134155273437500e-02
1.991334557533264160e-02
5.809211730957031250e-02
5.532580614089965820e-02
7.164317369461059570e-02
3.135743737220764160e-02
3.130656480789184570e-02
-1.506179571151733398e-03
8.260154724121093750e-02
1.095005869865417480e-02
2.382150292396545410e-02
2.346839904785156250e-01
9.367614984512329102e-03
3.384843468666076660e-02
7.694870233535766602e-03
4.092469811439514160e-02
1.669241487979888916e-01
2.296638488769531250e-02
6.176620721817016602e-03
1.682153344154357910e-02
7.904115319252014160e-02
2.540016174316406250e-02
7.234126329421997070e-02
1.947402954101562500e-03
9.195452928543090820e-02
3.541374206542968750e-02
-2.738326787948608398e-03
1.558047533035278320e-02
1.021448671817779541e-01
6.781959533691406250e-02
1.775169372558593750e-02
6.606292724609375000e-02
4.213649034500122070e-02
-1.413345336914062500e-03
4.393512010574340820e-02
4.313087463378906250e-02
9.350329637527465820e-02
7.078105211257934570e-02
2.917224168777465820e-02
-8.581817150115966797e-03
-9.532928466796875000e-03
2.130508422851562500e-02
1.085720062255859375e-01
3.296786546707153320e-02
5.140557885169982910e-02
7.141083478927612305e-03
2.796745300292968750e-02
1.909567415714263916e-01
2.648544311523437500e-02
2.827197313308715820e-02
2.239853143692016602e-03
1.018458604812622070e-02
-2.475112676620483398e-03
6.032943725585937500e-03
1.098123192787170410e-02
3.041711449623107910e-02
1.075293123722076416e-01
4.351931810379028320e-02
1.092109680175781250e-01
7.895278930664062500e-02
2.919703722000122070e-02
4.872894287109375000e-02
1.075616478919982910e-02
1.497268676757812500e-03
2.003097534179687500e-02
1.696267724037170410e-02
2.066546678543090820e-02
-5.333602428436279297e-03
3.350764513015747070e-02
4.420915246009826660e-02
8.803039789199829102e-03
9.359329938888549805e-03
3.740435838699340820e-02
1.101428270339965820e-02
4.949441552162170410e-02
2.661767601966857910e-02
8.113861083984375000e-03
-6.132781505584716797e-03
-1.349776983261108398e-03
1.701480150222778320e-02
-1.311004161834716797e-03
4.462540149688720703e-03
1.291649937629699707e-01
1.421481370925903320e-02
7.392692565917968750e-02
1.009941101074218750e-02
-1.275390386581420898e-03
9.176379442214965820e-02
2.544403076171875000e-02
1.183128356933593750e-02
1.887637376785278320e-02
3.255462646484375000e-02
2.411395311355590820e-02
9.224510192871093750e-02
1.972389221191406250e-02
1.407241821289062500e-02
6.391587853431701660e-02
1.180025637149810791e-01
4.365921020507812500e-03
5.310693383216857910e-02
5.950272083282470703e-03
1.541453599929809570e-02
1.754313707351684570e-02
8.481088280677795410e-02
1.095515489578247070e-02
3.692308068275451660e-02
3.762689232826232910e-02
5.862236022949218750e-02
7.308894395828247070e-02
3.674632310867309570e-02
1.154015660285949707e-01
1.234880983829498291e-01
4.375582933425903320e-02
-2.802550792694091797e-03
6.333857774734497070e-02
1.324778795242309570e-02
1.482897996902465820e-02
8.970886468887329102e-03
1.625886559486389160e-02
2.393084764480590820e-02
4.165583848953247070e-02
1.199410557746887207e-01
7.080078125000000000e-03
2.963066101074218750e-02
5.625396966934204102e-03
4.108873009681701660e-02
4.880967736244201660e-02
4.333621263504028320e-02
1.061159670352935791e-01
2.953942418098449707e-01
2.104949951171875000e-02
6.284967064857482910e-02
1.769891381263732910e-02
1.534461975097656250e-02
5.719882249832153320e-02
4.448634386062622070e-02
4.054895043373107910e-02
3.296914696693420410e-02
6.220245361328125000e-02
2.190652489662170410e-02
2.053132653236389160e-02
2.873718738555908203e-03
1.058831810951232910e-02
7.475596666336059570e-02
-2.065658569335937500e-03
1.067269444465637207e-01
2.068710327148437500e-02
4.758197069168090820e-02
3.718248009681701660e-02
3.313127160072326660e-02
2.322322130203247070e-02
4.567208886146545410e-02
1.133448183536529541e-01
6.523758172988891602e-03
5.505496263504028320e-02
2.105456590652465820e-02
4.821968078613281250e-02
1.012802124023437500e-02
4.231643676757812500e-02
2.058410644531250000e-02
-4.940032958984375000e-04
4.073587059974670410e-02
1.487985253334045410e-02
1.891326904296875000e-02
1.252536773681640625e-01
1.336395740509033203e-03
1.298141479492187500e-02
3.199589848518371582e-01
-1.541167497634887695e-03
4.495239257812500000e-02
1.606613397598266602e-03
5.619674921035766602e-03
2.937316894531250000e-03
2.161026000976562500e-02
3.721618652343750000e-02
1.361656188964843750e-02
4.466181993484497070e-02
3.684741258621215820e-02
4.512131214141845703e-03
3.243255615234375000e-02
5.710154771804809570e-02
5.920153856277465820e-02
4.844284057617187500e-02
6.321460008621215820e-02
2.608805894851684570e-02
-5.471557378768920898e-03
1.658738255500793457e-01
2.142140269279479980e-02
7.602816820144653320e-02
2.021151781082153320e-02
9.935313463211059570e-02
9.189158678054809570e-02
2.838769555091857910e-02
1.689186096191406250e-01
8.968979120254516602e-03
9.151458740234375000e-03
4.212684631347656250e-01
1.617175340652465820e-02
2.856317162513732910e-02
3.846287727355957031e-04
2.149516344070434570e-02
1.545968651771545410e-02
2.007859349250793457e-01
2.618980407714843750e-02
3.402328491210937500e-02
7.555770874023437500e-02
1.613107323646545410e-02
6.534320116043090820e-02
7.357215881347656250e-02
8.130007982254028320e-02
5.862998962402343750e-02
1.008796691894531250e-02
2.603721618652343750e-02
1.129528880119323730e-02
9.046554565429687500e-02
1.389375329017639160e-02
9.287506341934204102e-03
9.766876697540283203e-03
-6.752014160156250000e-04
1.003017425537109375e-01
4.167681932449340820e-02
2.135467529296875000e-02
1.179248094558715820e-02
2.367717027664184570e-02
3.074008226394653320e-02
3.323745727539062500e-02
1.368141174316406250e-02
5.697566270828247070e-02
2.773410081863403320e-02
1.079303026199340820e-02
3.175735473632812500e-02
1.965522766113281250e-02
1.569092273712158203e-03
5.419284105300903320e-02
-3.194808959960937500e-03
1.639682054519653320e-02
1.247596740722656250e-02
3.287506103515625000e-02
1.127749681472778320e-02
2.398872375488281250e-02
1.147174835205078125e-01
5.094781517982482910e-02
1.083113253116607666e-01
6.593048572540283203e-03
1.430511474609375000e-03
-1.397460699081420898e-03
6.330490112304687500e-03
-3.318786621093750000e-04
2.205339074134826660e-02
-7.566452026367187500e-03
3.638235628604888916e-01
1.472511291503906250e-01
1.295884251594543457e-01
6.179809570312500000e-04
3.646340966224670410e-02
6.759005784988403320e-02
9.165698289871215820e-02
8.723068237304687500e-02
3.806412220001220703e-03
1.649218797683715820e-02
2.828788757324218750e-02
-7.514327764511108398e-03
1.361249089241027832e-01
2.134385704994201660e-02
2.525201439857482910e-02
1.272264122962951660e-02
2.247300744056701660e-02
1.266860961914062500e-02
8.554139733314514160e-02
2.994790673255920410e-02
1.550375521183013916e-01
5.040675401687622070e-02
5.957728624343872070e-02
6.574311852455139160e-02
1.784622669219970703e-03
4.877343773841857910e-02
2.624955773353576660e-02
1.972916722297668457e-01
1.799455285072326660e-02
1.295152306556701660e-02
1.125335693359375000e-02
4.855853319168090820e-02
5.072265863418579102e-03
2.569514513015747070e-02
3.433011174201965332e-01
2.950158715248107910e-02
1.013880968093872070e-02
7.038742303848266602e-03
7.578086853027343750e-02
2.606454491615295410e-02
6.856280565261840820e-02
3.670755028724670410e-02
8.760452270507812500e-03
1.398721337318420410e-02
6.642276048660278320e-02
1.657676696777343750e-02
3.318786621093750000e-02
5.471038818359375000e-02
1.167169213294982910e-02
4.069009423255920410e-02
2.456155419349670410e-02
-9.206235408782958984e-04
1.227791905403137207e-01
9.950828552246093750e-02
3.080239892005920410e-02
-3.559768199920654297e-03
3.143945336341857910e-02
1.314163208007812500e-03
3.904023766517639160e-02
6.642594933509826660e-02
2.939033508300781250e-02
-9.924769401550292969e-04
1.470343172550201416e-01
2.211475372314453125e-01
-8.906066417694091797e-03
-1.153975725173950195e-03
1.037133336067199707e-01
4.867807030677795410e-02
1.294007897377014160e-02
4.154831171035766602e-03
2.118301391601562500e-02
4.297637939453125000e-02
2.082633972167968750e-02
4.356193542480468750e-02
1.747512817382812500e-01
9.142303466796875000e-02
1.441936492919921875e-01
5.103364586830139160e-02
5.293518304824829102e-03
1.754951477050781250e-02
3.170967102050781250e-02
-1.094692945480346680e-02
1.944032311439514160e-02
8.382606506347656250e-02
-4.458129405975341797e-03
2.548152208328247070e-02
3.049150109291076660e-02
1.419383287429809570e-02
1.367503404617309570e-02
4.819035530090332031e-04
1.266288757324218750e-02
2.569007873535156250e-02
6.494584679603576660e-02
2.297073602676391602e-03
7.986038923263549805e-03
4.726409912109375000e-02
2.828913927078247070e-02
4.779624938964843750e-02
1.831680536270141602e-03
5.800372362136840820e-02
1.899972558021545410e-02
3.923669457435607910e-02
2.937316894531250000e-03
2.377182245254516602e-03
7.857257127761840820e-02
-2.152144908905029297e-03
7.994586229324340820e-02
1.534396409988403320e-02
5.554133653640747070e-02
5.595016479492187500e-02
4.452449083328247070e-02
2.493530511856079102e-03
2.006909251213073730e-02
5.450755357742309570e-02
3.068223595619201660e-02
2.370959520339965820e-02
4.205003380775451660e-02
1.176961064338684082e-01
6.236457824707031250e-02
1.346238255500793457e-01
8.324921131134033203e-03
1.002627611160278320e-02
3.980380296707153320e-02
5.900192260742187500e-02
-7.658660411834716797e-03
1.782715320587158203e-03
7.610192894935607910e-02
1.952806115150451660e-02
1.363879442214965820e-02
2.973797917366027832e-01
2.600967884063720703e-03
8.961167931556701660e-02
1.001828312873840332e-01
-1.551955938339233398e-03
1.326432824134826660e-02
-5.090087652206420898e-03
1.719790697097778320e-02
1.486968994140625000e-02
9.910583496093750000e-03
1.937420964241027832e-01
4.746499657630920410e-02
4.017764329910278320e-02
5.378723144531250000e-02
5.760002136230468750e-02
3.767083287239074707e-01
1.921397447586059570e-02
2.381196618080139160e-02
3.211084008216857910e-02
1.333424448966979980e-02
1.527906954288482666e-01
7.599130272865295410e-02
6.904602050781250000e-03
8.207383751869201660e-02
3.366914391517639160e-02
2.533149719238281250e-02
2.412605285644531250e-02
2.153521776199340820e-02
1.304257512092590332e-01
1.959863305091857910e-02
4.150515794754028320e-02
2.803993225097656250e-02
1.731249392032623291e-01
7.465997338294982910e-02
3.422409296035766602e-03
2.013650536537170410e-02
-9.092986583709716797e-03
6.430053710937500000e-02
1.059659123420715332e-01
6.303468346595764160e-02
2.583375573158264160e-02
3.938484191894531250e-02
1.448815464973449707e-01
1.288223266601562500e-02
2.241134643554687500e-02
5.220222473144531250e-02
9.433937072753906250e-02
9.529113769531250000e-03
-1.295089721679687500e-03
3.025245666503906250e-02
3.307405114173889160e-02
4.207229614257812500e-02
2.543702721595764160e-02
3.709220886230468750e-02
1.172637939453125000e-02
3.106623888015747070e-02
4.103088378906250000e-02
2.099037170410156250e-02
-5.461573600769042969e-04
1.716548204421997070e-02
2.560487389564514160e-02
3.166896104812622070e-02
6.567636132240295410e-02
6.867080926895141602e-03
4.293376207351684570e-02
1.052074432373046875e-01
4.969894886016845703e-03
6.253305077552795410e-02
2.588778734207153320e-02
7.507950067520141602e-03
1.398086547851562500e-02
5.828219652175903320e-02
9.011903405189514160e-02
1.015211641788482666e-01
2.082824707031250000e-02
2.186709642410278320e-02
5.797058343887329102e-03
4.669952392578125000e-02
4.983246326446533203e-03
4.433947801589965820e-02
2.954608201980590820e-02
1.395478844642639160e-02
4.765701293945312500e-02
5.091792345046997070e-02
-7.332503795623779297e-03
1.986184716224670410e-02
7.378321886062622070e-02
2.210360765457153320e-02
7.997193932533264160e-02
1.241105198860168457e-01
3.818574547767639160e-02
1.289335787296295166e-01
3.519684076309204102e-03
7.767349481582641602e-03
-3.506362438201904297e-03
2.437973022460937500e-02
8.665147423744201660e-02
7.821273803710937500e-02
-3.278732299804687500e-03
6.760025024414062500e-02
8.077302575111389160e-02
9.493446350097656250e-02
5.502510070800781250e-02
1.232910156250000000e-02
3.353816270828247070e-02
1.425444185733795166e-01
3.924304246902465820e-02
1.088440418243408203e-03
1.295214891433715820e-02
3.157359361648559570e-02
2.812194824218750000e-02
9.646859765052795410e-02
3.322854638099670410e-02
5.351319909095764160e-02
4.593276977539062500e-02
1.617272496223449707e-01
2.079072594642639160e-02
5.550700426101684570e-02
1.366287469863891602e-03
3.664016723632812500e-02
9.535533189773559570e-02
1.283326745033264160e-02
9.261256456375122070e-02
3.417649865150451660e-02
3.874140977859497070e-02
2.538871765136718750e-02
3.218460083007812500e-02
6.129518151283264160e-02
1.629447937011718750e-02
9.682717919349670410e-02
5.922943353652954102e-03
8.102923631668090820e-02
2.000743150711059570e-02
-4.861205816268920898e-03
2.655535936355590820e-02
1.499176025390625000e-02
-1.100033521652221680e-02
1.749354600906372070e-02
-7.964462041854858398e-03
9.610474109649658203e-03
4.580813646316528320e-02
5.063754320144653320e-02
2.072969079017639160e-02
3.368759155273437500e-02
2.246347069740295410e-02
8.504229784011840820e-02
7.743179798126220703e-03
5.352646112442016602e-03
3.704261779785156250e-02
4.030799865722656250e-02
1.872825622558593750e-02
6.688416004180908203e-03
2.443695068359375000e-02
-7.101893424987792969e-04
3.345108032226562500e-02
4.777908325195312500e-03
1.828047335147857666e-01
3.463426232337951660e-02
8.757263422012329102e-03
-3.393828868865966797e-03
3.262454271316528320e-02
4.248135685920715332e-01
1.307168602943420410e-02
4.101625084877014160e-02
-4.984557628631591797e-03
2.456690371036529541e-01
1.609101891517639160e-02
4.775047302246093750e-02
3.871089220046997070e-02
5.049377679824829102e-03
6.481742858886718750e-02
7.635116577148437500e-03
9.843170642852783203e-03
8.126556873321533203e-03
-1.127243041992187500e-03
3.518676757812500000e-02
-6.359815597534179688e-05
4.450607299804687500e-02
3.201293945312500000e-02
3.865939378738403320e-02
4.601287841796875000e-02
5.392700433731079102e-03
7.124009728431701660e-02
2.447444200515747070e-02
1.391912996768951416e-01
8.629670739173889160e-02
1.146933138370513916e-01
-2.964019775390625000e-03
1.868247985839843750e-02
3.280639648437500000e-03
-1.092848181724548340e-02
4.576981067657470703e-03
3.011322021484375000e-02
1.871615648269653320e-02
2.355065941810607910e-02
2.133113145828247070e-02
1.331707835197448730e-02
-4.126429557800292969e-04
2.799731492996215820e-02
9.234109520912170410e-02
3.224244713783264160e-02
1.157122850418090820e-02
2.570450305938720703e-03
2.169480919837951660e-02
2.109336853027343750e-02
9.216624498367309570e-02
7.568985223770141602e-03
2.165466547012329102e-03
5.433273315429687500e-02
2.519226074218750000e-02
-1.987457275390625000e-03
2.710658311843872070e-02
5.949527025222778320e-02
2.199488878250122070e-02
4.455882310867309570e-02
1.690705418586730957e-01
8.367538452148437500e-03
3.592073917388916016e-04
-1.426252722740173340e-02
4.411125183105468750e-02
-7.527053356170654297e-03
4.761630296707153320e-02
1.330464482307434082e-01
2.693682909011840820e-02
8.385974168777465820e-02
-2.072662115097045898e-03
3.000894188880920410e-02
6.152153015136718750e-02
-9.436309337615966797e-03
4.382067918777465820e-02
4.373803734779357910e-02
8.132806420326232910e-02
9.222656488418579102e-03
-2.022087574005126953e-04
-5.175292491912841797e-03
-1.980483531951904297e-03
3.343200683593750000e-02
2.564913332462310791e-01
6.004077196121215820e-02
8.283740282058715820e-02
2.996063232421875000e-02
1.351159214973449707e-01
1.083596348762512207e-01
2.595582604408264160e-02
4.954636096954345703e-03
6.937599182128906250e-02
4.915744066238403320e-02
2.269870042800903320e-02
2.392196655273437500e-02
-9.098052978515625000e-04
2.163377404212951660e-02
1.272073388099670410e-02
1.698175966739654541e-01
5.302047729492187500e-02
1.188093721866607666e-01
-1.436889171600341797e-03
6.244975328445434570e-02
6.095695495605468750e-02
9.292602539062500000e-03
4.520922899246215820e-02
2.461177110671997070e-02
9.013938903808593750e-02
7.272720336914062500e-03
1.360636949539184570e-02
1.904678344726562500e-02
1.341372728347778320e-02
-8.199065923690795898e-03
1.959100365638732910e-02
-5.770385265350341797e-03
7.321357727050781250e-02
1.135888695716857910e-02
2.348518371582031250e-02
3.416696190834045410e-02
1.012356877326965332e-01
1.800090074539184570e-02
2.252832055091857910e-02
3.731399774551391602e-03
5.530101060867309570e-02
-9.727478027343750000e-05
1.721680164337158203e-03
-1.765578985214233398e-03
7.976022362709045410e-02
1.445356905460357666e-01
8.678436279296875000e-03
2.481269836425781250e-02
1.876258850097656250e-02
3.275108337402343750e-02
9.660065174102783203e-03
7.408648729324340820e-02
3.252792358398437500e-02
7.635653018951416016e-04
1.106064915657043457e-01
1.044673919677734375e-01
1.374688744544982910e-02
7.275253534317016602e-03
4.377365112304687500e-03
-6.605982780456542969e-04
3.489792346954345703e-03
1.156914830207824707e-01
1.772715151309967041e-01
3.038942813873291016e-04
-1.537960767745971680e-02
4.492121934890747070e-02
3.886094689369201660e-02
4.257011413574218750e-02
2.614402770996093750e-02
-7.014602422714233398e-03
4.472160339355468750e-02
1.854577660560607910e-02
1.542618870735168457e-01
2.271270751953125000e-02
2.584582567214965820e-02
2.027636766433715820e-02
6.710368394851684570e-02
4.120254516601562500e-02
-1.300621032714843750e-02
1.836329698562622070e-02
-3.871917724609375000e-03
3.158378601074218750e-02
6.192079186439514160e-02
4.344749450683593750e-02
4.163485765457153320e-02
-1.451492309570312500e-03
-1.353392004966735840e-02
1.336160302162170410e-02
4.318809509277343750e-02
1.716294884681701660e-02
4.334747791290283203e-03
9.717750549316406250e-02
8.628207445144653320e-02
-5.137324333190917969e-04
3.456813097000122070e-02
1.361083984375000000e-02
4.553985595703125000e-02
2.800559997558593750e-02
6.453704833984375000e-02
-2.916991710662841797e-03
6.294822692871093750e-02
2.430343627929687500e-02
7.747459411621093750e-02
9.807077050209045410e-02
1.564913988113403320e-02
7.093048095703125000e-02
1.820817589759826660e-02
1.149749755859375000e-02
6.041824817657470703e-03
1.141038537025451660e-02
-2.255767583847045898e-03
7.652154564857482910e-02
-5.137145519256591797e-03
9.876877069473266602e-03
5.866304039955139160e-02
1.119734346866607666e-01
3.187751770019531250e-02
2.014413475990295410e-02
1.164561510086059570e-02
-5.994796752929687500e-03
2.264022827148437500e-02
6.432467699050903320e-02
5.074119567871093750e-02
5.652680993080139160e-02
4.216128587722778320e-02
6.387710571289062500e-03
2.813339233398437500e-03
9.463244676589965820e-02
4.327118396759033203e-03
2.861148118972778320e-02
1.725131273269653320e-02
7.478776574134826660e-02
5.604106187820434570e-02
4.761376976966857910e-02
3.643035888671875000e-03
1.099605560302734375e-01
-7.769286632537841797e-03
1.403808593750000000e-02
4.896789789199829102e-03
3.604859113693237305e-03
-9.079635143280029297e-03
8.493423461914062500e-03
3.784433007240295410e-02
6.957352161407470703e-03
1.840907335281372070e-02
5.522400140762329102e-03
2.488263249397277832e-01
9.885659813880920410e-02
3.256734013557434082e-01
2.267017364501953125e-01
6.160035729408264160e-02
1.222610473632812500e-03
4.171624779701232910e-02
1.199855804443359375e-01
-8.627772331237792969e-04
3.752580285072326660e-02
3.282672166824340820e-02
1.242953538894653320e-02
3.911972045898437500e-03
1.210466027259826660e-02
5.858865380287170410e-02
1.692196726799011230e-02
2.689634859561920166e-01
1.121260225772857666e-01
-1.732528209686279297e-03
2.358499169349670410e-02
4.116439819335937500e-02
4.179507493972778320e-02
3.609917759895324707e-01
2.514511346817016602e-03
1.799583435058593750e-02
3.885203599929809570e-02
1.781588792800903320e-02
3.476077318191528320e-02
1.013943552970886230e-02
2.928352355957031250e-02
-4.697799682617187500e-03
1.228141784667968750e-02
3.865367174148559570e-02
3.115236759185791016e-04
2.666345238685607910e-02
6.918397545814514160e-02
2.880722284317016602e-03
-4.663467407226562500e-03
-4.472106695175170898e-03
-3.969848155975341797e-03
1.139341890811920166e-01
2.352204918861389160e-02
-1.898467540740966797e-03
4.819869995117187500e-03
1.030858159065246582e-01
7.861453294754028320e-02
1.117178499698638916e-01
1.537767052650451660e-02
4.089990258216857910e-02
1.959978640079498291e-01
1.367059350013732910e-02
1.432418823242187500e-03
1.104310154914855957e-01
2.310943603515625000e-02
9.739547967910766602e-03
2.552285790443420410e-02
1.123872399330139160e-02
7.032585144042968750e-02
1.285552978515625000e-02
1.419001817703247070e-02
5.966630578041076660e-02
2.020388841629028320e-02
1.148223876953125000e-02
1.351737976074218750e-02
9.034276008605957031e-04
1.396813988685607910e-02
2.127963304519653320e-02
3.510218858718872070e-02
-4.412353038787841797e-03
8.825927972793579102e-03
3.962579369544982910e-02
3.178977966308593750e-02
2.716952562332153320e-02
7.031559944152832031e-04
8.686065673828125000e-03
2.339044213294982910e-02
2.887660264968872070e-02
3.175607323646545410e-02
1.523524522781372070e-02
1.093438267707824707e-01
2.975398302078247070e-02
8.537101745605468750e-02
-1.236724853515625000e-02
2.230316400527954102e-03
-4.991531372070312500e-03
-7.911682128906250000e-03
9.565415978431701660e-02
1.789918541908264160e-02
-1.411885023117065430e-02
9.181976318359375000e-03
2.195802330970764160e-02
4.309272766113281250e-02
-1.201003789901733398e-03
2.316665649414062500e-02
1.123205721378326416e-01
8.443176746368408203e-03
-2.309799194335937500e-03
1.551181077957153320e-02
2.368354797363281250e-02
5.215263366699218750e-02
4.400378465652465820e-02
7.728448510169982910e-02
7.230883836746215820e-02
6.713211536407470703e-03
1.595750451087951660e-02
4.695236682891845703e-03
1.222610473632812500e-02
3.963151574134826660e-02
2.604356408119201660e-02
4.867523908615112305e-03
6.509461998939514160e-02
1.823348999023437500e-01
4.129791259765625000e-02
2.175775170326232910e-02
6.987696886062622070e-02
2.532768249511718750e-02
2.297699451446533203e-03
1.400947570800781250e-02
1.363843083381652832e-01
8.865165710449218750e-02
1.131439208984375000e-02
3.647738695144653320e-02
6.177392601966857910e-02
5.217224359512329102e-03
2.422548830509185791e-01
2.651023864746093750e-02
-3.925323486328125000e-03
4.401651024818420410e-02
3.138095140457153320e-02
4.472666978836059570e-02
3.909492492675781250e-02
2.095769047737121582e-01
-6.169080734252929688e-05
-2.002716064453125000e-03
8.162117004394531250e-02
2.800875902175903320e-02
1.499491930007934570e-02
1.324144005775451660e-02
5.715751647949218750e-02
6.530123949050903320e-02
5.918502807617187500e-03
1.520347595214843750e-02
3.245988488197326660e-02
1.150637865066528320e-02
-9.683609008789062500e-03
1.060101389884948730e-02
1.526832580566406250e-02
5.784416198730468750e-02
2.822238206863403320e-02
9.852707386016845703e-03
3.863650560379028320e-02
-2.503722906112670898e-03
4.578843712806701660e-02
4.119873046875000000e-03
2.933502197265625000e-02
1.014328002929687500e-02
1.240664720535278320e-02
2.382341027259826660e-02
6.655311584472656250e-02
-6.725966930389404297e-03
4.641830921173095703e-03
3.976821899414062500e-03
5.060449242591857910e-02
5.474090576171875000e-03
3.391519188880920410e-02
2.717971801757812500e-02
-3.516077995300292969e-04
7.002067565917968750e-02
-4.920959472656250000e-03
7.031559944152832031e-04
8.399200439453125000e-02
-6.310790777206420898e-03
2.142143249511718750e-02
1.706185936927795410e-02
1.617813110351562500e-02
4.906526207923889160e-02
6.488800048828125000e-03
3.042984008789062500e-02
8.578109741210937500e-02
6.928187608718872070e-02
6.011897325515747070e-02
8.789125084877014160e-02
3.454524278640747070e-02
1.086235046386718750e-02
2.182623445987701416e-01
2.163887023925781250e-02
1.257343292236328125e-01
8.172333240509033203e-03
4.700022935867309570e-02
1.500827074050903320e-02
1.293989717960357666e-01
2.886262536048889160e-02
9.651809930801391602e-03
3.280099034309387207e-01
8.982276916503906250e-02
4.250335693359375000e-02
1.908046007156372070e-02
1.695567369461059570e-02
9.135544300079345703e-03
1.814409792423248291e-01
8.760452270507812500e-02
2.887242436408996582e-01
1.900482177734375000e-02
2.949833869934082031e-04
3.471055626869201660e-02
-3.868103027343750000e-03
2.312785387039184570e-02
5.076724290847778320e-02
2.762603759765625000e-02
2.710342407226562500e-02
1.206747591495513916e-01
9.405007958412170410e-02
1.276016235351562500e-02
1.068947911262512207e-01
1.325604319572448730e-02
-8.921951055526733398e-03
-1.398921012878417969e-04
1.691499352455139160e-02
4.420214891433715820e-02
2.180352807044982910e-02
7.023555040359497070e-02
9.011566638946533203e-03
1.664543151855468750e-02
6.803002953529357910e-02
5.073609948158264160e-02
1.424134373664855957e-01
1.925468444824218750e-02
1.887765526771545410e-02
1.404824852943420410e-02
5.181819200515747070e-02
5.192428827285766602e-03
1.367568969726562500e-02
6.089210510253906250e-02
9.829103946685791016e-04
-1.033276319503784180e-02
6.135177612304687500e-02
9.167343378067016602e-03
7.468032836914062500e-02
3.809738159179687500e-02
1.355361938476562500e-02
7.229477167129516602e-03
4.746735095977783203e-03
5.309677124023437500e-02
7.963815331459045410e-02
1.246035099029541016e-04
8.837825059890747070e-02
5.430191755294799805e-03
2.821603417396545410e-02
5.597621202468872070e-02
-3.316253423690795898e-03
3.573161363601684570e-02
9.833008050918579102e-03
-4.063934087753295898e-03
-7.385909557342529297e-03
2.216854095458984375e-01
2.561822533607482910e-02
-1.455497741699218750e-02
3.757730126380920410e-02
1.687937974929809570e-02
-3.192275762557983398e-03
4.807770252227783203e-03
1.893615722656250000e-02
1.132189333438873291e-01
1.085281372070312500e-03
6.459534168243408203e-03
1.746475696563720703e-03
-2.484023571014404297e-03
1.387983858585357666e-01
1.522197723388671875e-01
7.346978783607482910e-02
3.489875793457031250e-02
2.724958956241607666e-01
1.966857910156250000e-02
3.177386522293090820e-02
1.553236544132232666e-01
-4.632949829101562500e-03
3.748130798339843750e-02
8.347702026367187500e-02
6.752014160156250000e-02
2.060699462890625000e-02
-1.425445079803466797e-03
1.152890324592590332e-01
1.032187044620513916e-01
3.977647423744201660e-02
1.697648167610168457e-01
6.703501939773559570e-02
6.427636742591857910e-02
1.479148864746093750e-02
-7.140487432479858398e-03
9.218913316726684570e-02
9.748584032058715820e-02
4.395103454589843750e-02
1.509338617324829102e-03
2.433407902717590332e-01
9.229660034179687500e-03
-4.157394170761108398e-03
1.130548119544982910e-02
2.196693420410156250e-02
1.422372460365295410e-02
1.684417724609375000e-01
1.231981813907623291e-01
-7.228851318359375000e-04
-2.549588680267333984e-04
7.508468627929687500e-02
2.395216524600982666e-01
1.245561242103576660e-02
4.058200120925903320e-02
2.044486999511718750e-02
4.846954345703125000e-02
3.199511766433715820e-02
7.923752069473266602e-03
5.176034569740295410e-02
1.342569887638092041e-01
3.212228417396545410e-02
5.970636010169982910e-02
5.297151207923889160e-02
1.977282762527465820e-02
6.094613671302795410e-02
8.652806282043457031e-04
2.871447801589965820e-02
5.128860473632812500e-02
-5.088806152343750000e-03
6.024932861328125000e-02
7.560348510742187500e-02
9.436905384063720703e-03
8.172732591629028320e-02
2.223330736160278320e-02
7.740145921707153320e-02
-5.479186773300170898e-03
1.909509301185607910e-02
7.669955492019653320e-02
1.116815209388732910e-02
2.053132653236389160e-02
2.117663621902465820e-02
-1.487106084823608398e-03
3.411108553409576416e-01
2.700271606445312500e-01
7.329285144805908203e-03
7.009759545326232910e-02
-2.412796020507812500e-03
6.974339485168457031e-04
1.441955566406250000e-02
4.633265733718872070e-02
2.114993333816528320e-02
1.879245042800903320e-02
5.316162109375000000e-02
6.686908006668090820e-02
1.049166917800903320e-02
1.045227050781250000e-02
6.868615746498107910e-02
-3.355681896209716797e-03
2.883592247962951660e-02
1.490780711174011230e-02
4.055276513099670410e-02
3.361129760742187500e-02
7.386651635169982910e-02
1.655578613281250000e-02
7.535997033119201660e-02
2.774117588996887207e-01
1.241683959960937500e-03
-9.323775768280029297e-03
-4.748046398162841797e-03
1.488938927650451660e-02
1.623216271400451660e-02
3.119149804115295410e-02
2.292948961257934570e-02
-1.053810119628906250e-02
1.149749755859375000e-02
2.755546569824218750e-02
4.310670495033264160e-02
9.280443191528320312e-05
4.633647203445434570e-02
8.593857288360595703e-03
-3.381103277206420898e-03
2.294839024543762207e-01
1.016616821289062500e-02
1.380367279052734375e-01
2.890139818191528320e-02
1.851170659065246582e-01
1.197877526283264160e-02
8.115386962890625000e-02
1.118403673171997070e-02
2.381896972656250000e-02
5.484199523925781250e-02
1.596957445144653320e-02
2.465182542800903320e-02
1.423206329345703125e-01
2.025794982910156250e-02
4.862457513809204102e-03
7.362300157546997070e-02
1.778900623321533203e-03
3.462651371955871582e-01
1.334062218666076660e-02
1.171490550041198730e-02
1.594543457031250000e-02
1.905885338783264160e-02
3.524333238601684570e-02
1.970353722572326660e-02
6.189346313476562500e-03
2.812257409095764160e-02
1.691265106201171875e-01
1.339402794837951660e-02
2.132922410964965820e-02
6.696045398712158203e-03
1.258403062820434570e-02
2.778172492980957031e-04
1.691880822181701660e-02
2.790641784667968750e-02
4.183131456375122070e-02
1.468117833137512207e-01
5.542755126953125000e-03
-8.246123790740966797e-03
-1.768112182617187500e-03
9.190621972084045410e-02
5.232873558998107910e-02
4.409027099609375000e-02
8.358383178710937500e-02
1.256237030029296875e-01
-1.189112663269042969e-04
4.799962043762207031e-04
-7.388442754745483398e-03
2.406520843505859375e-01
-1.340240240097045898e-03
-3.172755241394042969e-04
3.196868896484375000e-01
8.782005310058593750e-02
5.071765184402465820e-02
4.389762878417968750e-02
7.339859008789062500e-02
-4.671752452850341797e-03
7.775604724884033203e-03
1.643052697181701660e-02
1.373034715652465820e-02
-1.660665869712829590e-02
3.249359130859375000e-02
1.646232604980468750e-02
5.186080932617187500e-03
3.792062401771545410e-02
3.161746263504028320e-02
2.066195011138916016e-04
6.864547729492187500e-03
-6.846129894256591797e-03
6.292659044265747070e-02
2.328681945800781250e-02
2.368850708007812500e-01
5.732661485671997070e-02
3.220239281654357910e-02
3.889146447181701660e-02
2.187919616699218750e-02
8.055749535560607910e-02
4.874926805496215820e-02
4.925537109375000000e-02
5.373626947402954102e-03
2.532793581485748291e-01
5.511599779129028320e-02
1.169741153717041016e-04
9.577423334121704102e-03
-1.963317394256591797e-03
2.174377441406250000e-02
7.653617858886718750e-02
2.058029174804687500e-02
1.258274912834167480e-02
2.559006214141845703e-03
3.130531311035156250e-02
1.301637291908264160e-02
2.868524193763732910e-02
1.963168382644653320e-02
-8.194625377655029297e-03
6.911912560462951660e-02
1.709365844726562500e-02
1.130229234695434570e-02
1.435190737247467041e-01
3.777313232421875000e-02
2.011042833328247070e-02
1.483917236328125000e-01
6.567317247390747070e-02
1.423428654670715332e-01
1.256495714187622070e-02
4.031753540039062500e-02
3.148394823074340820e-02
2.590805292129516602e-03
2.037683129310607910e-02
-6.794631481170654297e-03
1.287333071231842041e-01
3.708010911941528320e-02
-2.862930297851562500e-03
9.566688537597656250e-02
4.298591613769531250e-02
4.430961608886718750e-02
-6.766021251678466797e-03
6.965065002441406250e-02
5.664825439453125000e-04
2.644473314285278320e-02
4.283523559570312500e-02
1.749482750892639160e-02
3.864413499832153320e-02
5.718231201171875000e-02
3.171664476394653320e-02
1.205632090568542480e-02
8.903566002845764160e-02
5.215135216712951660e-02
1.360476016998291016e-04
3.632926940917968750e-02
3.724160790443420410e-02
4.220390319824218750e-02
1.438838243484497070e-02
1.139691472053527832e-01
3.425216674804687500e-02
2.482172548770904541e-01
6.375437974929809570e-02
1.729386448860168457e-01
1.966476440429687500e-03
1.235993504524230957e-01
