1
0.873661696910858154296875
0.82659852504730224609375
0.7391016483306884765625
0.70724213123321533203125
0.68933594226837158203125
0.65031015872955322265625
0.807168662548065185546875
0.58563077449798583984375
0.626354634761810302734375
0.570017635822296142578125
0.55218470096588134765625
0.503841102123260498046875
0.4819600582122802734375
0.65177786350250244140625
0.589848697185516357421875
0.4478378593921661376953125
0.531549155712127685546875
0.477929532527923583984375
0.4463348686695098876953125
0.4638693332672119140625
0.503928720951080322265625
0.3975870311260223388671875
0.4434712231159210205078125
0.4162923991680145263671875
0.43653333187103271484375
0.3672312796115875244140625
0.40738332271575927734375
0.3684491813182830810546875
0.355994284152984619140625
0.3661285936832427978515625
0.3310443460941314697265625
0.3244238793849945068359375
0.2842224538326263427734375
0.31885206699371337890625
0.3094563782215118408203125
0.3141882717609405517578125
0.2677877247333526611328125
0.2781702578067779541015625
0.2974074780941009521484375
0.3328830301761627197265625
0.336661517620086669921875
0.2470432221889495849609375
0.3517719805240631103515625
0.24547849595546722412109375
0.25394594669342041015625
0.23069618642330169677734375
0.2574383318424224853515625
0.24244211614131927490234375
0.21110598742961883544921875
0.512674808502197265625
0.22015631198883056640625
0.23500035703182220458984375
0.24471558630466461181640625
0.24236963689327239990234375
0.1910940706729888916015625
0.2898050248622894287109375
0.2125900685787200927734375
0.17662127315998077392578125
0.19391532242298126220703125
0.19124342501163482666015625
0.4311487972736358642578125
0.15003885328769683837890625
0.17401684820652008056640625
0.185096204280853271484375
0.15299169719219207763671875
0.16721831262111663818359375
0.21895359456539154052734375
0.17565572261810302734375
0.18734465539455413818359375
0.16582517325878143310546875
0.156677424907684326171875
0.14302708208560943603515625
0.1822697222232818603515625
0.12147299200296401977539062
0.13465030491352081298828125
0.1640055477619171142578125
0.15502567589282989501953125
0.11446622759103775024414062
0.1439344584941864013671875
0.1608903408050537109375
0.11208792030811309814453125
0.20548479259014129638671875
0.09385834634304046630859375
0.13596928119659423828125
0.200829446315765380859375
0.14259846508502960205078125
0.12764136493206024169921875
0.10620113462209701538085938
0.13211762905120849609375
0.069189570844173431396484375
0.09910233318805694580078125
0.3308112621307373046875
0.10349549353122711181640625
0.071890704333782196044921875
0.07760386168956756591796875
0.201874315738677978515625
0.3090871870517730712890625
0.05722522735595703125
0.085055075585842132568359375
0.10330086201429367065429688
0.094050802290439605712890625
0.062556453049182891845703125
0.1789756715297698974609375
0.11378721892833709716796875
0.10329642146825790405273438
0.041643060743808746337890625
0.079527102410793304443359375
0.140855252742767333984375
0.051534317433834075927734375
0.08600629866123199462890625
0.033139195293188095092773438
0.031735010445117950439453125
0.02761529386043548583984375
0.0516339242458343505859375
0.20250032842159271240234375
0.065930999815464019775390625
0.00894875824451446533203125
0.020644597709178924560546875
0.062852807343006134033203125
0.029784502461552619934082031
0.14971683919429779052734375
0.021291907876729965209960938
0.004610486328601837158203125
0.10541234165430068969726562
0.041933450847864151000976562
0.017910603433847427368164062
0.010920930653810501098632812
0.059151377528905868530273438
0.06102721393108367919921875
-0.0017039574449881911277770996
0.0032201132271438837051391602
0.015334454365074634552001953
0.08789508044719696044921875
0.017988689243793487548828125
0.026459692046046257019042969
0.077580012381076812744140625
0.00082115107215940952301025391
0.03720052540302276611328125
0.085932143032550811767578125
0.022840272635221481323242188
0.029990408569574356079101562
0.0678030550479888916015625
0.012463042512536048889160156
0.027732569724321365356445312
0.0039252243004739284515380859
0.0053158877417445182800292969
0.0061078835278749465942382812
0.0023679891601204872131347656
0.020146192982792854309082031
-0.0043230759911239147186279297
0.00099317543208599090576171875
0.007215790450572967529296875
0.0054020453244447708129882812
0.1671712696552276611328125
0.18023698031902313232421875
0.089117355644702911376953125
0.045240305364131927490234375
0.0686056613922119140625
0.0071571157313883304595947266
0.045191518962383270263671875
0.049211334437131881713867188
0.025753343477845191955566406
0.0299616158008575439453125
0.0050960225053131580352783203
0.12389870733022689819335938
0.0045744236558675765991210938
-0.0028523621149361133575439453
0.07698796689510345458984375
0.0051197973079979419708251953
-1.8322123651159927248954773e-05
0.037759277969598770141601562
0.050291538238525390625
0.026461945846676826477050781
0.0074400180019438266754150391
-0.0021127881482243537902832031
0.13710270822048187255859375
0.037814389914274215698242188
0.029006756842136383056640625
0.10317260771989822387695312
0.13864882290363311767578125
0.3414351046085357666015625
0.0019042647909373044967651367
0.045650225132703781127929688
0.087304480373859405517578125
0.024016741663217544555664062
0.026341905817389488220214844
0.061467599123716354370117188
0.030815921723842620849609375
0.097905576229095458984375
0.063696719706058502197265625
0.051243998110294342041015625
0.0085269128903746604919433594
0.0337527692317962646484375
0.0013183931587263941764831543
0.048497568815946578979492188
0.0083191161975264549255371094
0.037964168936014175415039062
0.0049559161998331546783447266
0.021966408938169479370117188
0.010680852457880973815917969
0.011611354537308216094970703
0.0026775021106004714965820312
0.030179519206285476684570312
0.0033964999020099639892578125
0.035907726734876632690429688
0.049442470073699951171875
0.011735392734408378601074219
0.0099316816776990890502929688
0.032558195292949676513671875
0.125527918338775634765625
0.021107958629727363586425781
0.08631785213947296142578125
0.028295321390032768249511719
0.028669688850641250610351562
0.29443180561065673828125
0.027105545625090599060058594
0.019304102286696434020996094
0.059316713362932205200195312
0.10841418802738189697265625
-0.001589516876265406608581543
0.0034527750685811042785644531
-0.0049112741835415363311767578
0.21464826166629791259765625
0.0021138058509677648544311523
0.022079395130276679992675781
0.010849242098629474639892578
0.022068198770284652709960938
0.0089041162282228469848632812
0.038602389395236968994140625
-0.011046859435737133026123047
0.044340483844280242919921875
0.025701068341732025146484375
0.01165039837360382080078125
0.08114875853061676025390625
0.0788290500640869140625
0.022502839565277099609375
0.017409797757863998413085938
0.1233149468898773193359375
0.084262065589427947998046875
0.0832987725734710693359375
0.040120359510183334350585938
0.037326384335756301879882812
0.003325392724946141242980957
0.026767604053020477294921875
0.015632260590791702270507812
0.014519846998155117034912109
0.0056494669988751411437988281
0.015908692032098770141601562
0.032990075647830963134765625
0.027177235111594200134277344
0.04141686856746673583984375
-0.0065671000629663467407226562
0.029707215726375579833984375
0.01867496967315673828125
0.033287592232227325439453125
0.026166101917624473571777344
0.0062223239801824092864990234
-0.0014508649474009871482849121
-0.0050942045636475086212158203
0.086243689060211181640625
0.06282198429107666015625
0.0049031311646103858947753906
0.039344433695077896118164062
0.027553347870707511901855469
0.017799505963921546936035156
-0.002068509580567479133605957
0.060489181429147720336914062
0.1345501840114593505859375
0.019066495820879936218261719
-0.0030623392667621374130249023
-0.0028470545075833797454833984
0.2519985735416412353515625
0.0089686792343854904174804688
0.00791828334331512451171875
0.19767440855503082275390625
-0.0047489199787378311157226562
0.023219075053930282592773438
0.11213583499193191528320312
0.002893586875870823860168457
0.0083850612863898277282714844
0.021448807790875434875488281
0.0087054809555411338806152344
0.080343745648860931396484375
0.0075013102032244205474853516
0.085294790565967559814453125
0.037450421601533889770507812
0.042782884091138839721679688
0.031077666208148002624511719
0.042700946331024169921875
0.015482049435377120971679688
0.038563344627618789672851562
0.20826895534992218017578125
-0.010278420522809028625488281
0.038493398576974868774414062
0.11817602813243865966796875
-0.0010345455957576632499694824
0.011911706998944282531738281
0.0041325115598738193511962891
0.0096740089356899261474609375
0.020659865811467170715332031
0.062810860574245452880859375
0.03988479077816009521484375
0.010373448021709918975830078
0.060708828270435333251953125
0.055358551442623138427734375
0.013842873275279998779296875
0.017314115539193153381347656
0.017696481198072433471679688
0.062829904258251190185546875
0.09823377430438995361328125
0.020103514194488525390625
-0.0056362343020737171173095703
0.065854586660861968994140625
0.0019257133826613426208496094
0.094250313937664031982421875
0.025607494637370109558105469
0.020834727212786674499511719
0.040771670639514923095703125
-0.0060712392441928386688232422
0.0063686100766062736511230469
0.06995190680027008056640625
0.035714328289031982421875
0.039486430585384368896484375
0.028137255460023880004882812
0.027814583852887153625488281
0.0077493856661021709442138672
0.05944503843784332275390625
0.3533037006855010986328125
-0.0085835512727499008178710938
0.0087401615455746650695800781
0.031696327030658721923828125
0.016412405297160148620605469
0.028526673093438148498535156
0.144902408123016357421875
0.0380853712558746337890625
0.083558626472949981689453125
0.015560063533484935760498047
0.031276445835828781127929688
0.019873104989528656005859375
0.040336880832910537719726562
0.0333594977855682373046875
0.021256063133478164672851562
0.041525058448314666748046875
0.0051688747480511665344238281
0.060752671211957931518554688
0.023586753755807876586914062
0.40135288238525390625
0.0070208632387220859527587891
-0.013127292506396770477294922
0.031858537346124649047851562
0.027836540713906288146972656
0.10356340557336807250976562
0.02011013031005859375
-0.010173504240810871124267578
0.028308989480137825012207031
-0.00068518926855176687240600586
0.017964769154787063598632812
0.028842439875006675720214844
0.0082562249153852462768554688
0.039251007139682769775390625
0.015534033998847007751464844
0.023490415886044502258300781
0.0013721234863623976707458496
0.10017693787813186645507812
0.17880938947200775146484375
0.033984340727329254150390625
0.012477511540055274963378906
0.12230867892503738403320312
0.019754739478230476379394531
0.059386875480413436889648438
0.020365549251437187194824219
0.016997767612338066101074219
0.053318686783313751220703125
0.029331684112548828125
0.024112569168210029602050781
0.04149459302425384521484375
0.056426469236612319946289062
0.055934462696313858032226562
-0.0027542805764824151992797852
0.0087645184248685836791992188
0.091252245008945465087890625
0.0058078225702047348022460938
0.0027921607252210378646850586
0.019802797585725784301757812
0.011274722404778003692626953
0.12274252623319625854492188
0.020938698202371597290039062
0.033027954399585723876953125
0.020240711048245429992675781
0.022907963022589683532714844
0.0099790133535861968994140625
0.038530554622411727905273438
-0.0061203888617455959320068359
0.01809076964855194091796875
0.016831632703542709350585938
-0.0011382983066141605377197266
0.032132644206285476684570312
0.041803888976573944091796875
0.020042585209012031555175781
0.03610694408416748046875
0.00604833662509918212890625
0.010042123496532440185546875
0.0060315411537885665893554688
0.02904383838176727294921875
-0.0084448996931314468383789062
0.07353205978870391845703125
0.0063925306312739849090576172
0.0023541748523712158203125
0.017886973917484283447265625
0.0058313794434070587158203125
0.073561728000640869140625
0.060999292880296707153320312
0.0046312077902257442474365234
0.23315142095088958740234375
0.053463883697986602783203125
0.025523735210299491882324219
0.00024625807418487966060638428
-0.0064608026295900344848632812
0.038665715605020523071289062
-0.00024749408476054668426513672
0.014299981296062469482421875
0.028244789689779281616210938
0.030730273574590682983398438
0.079173386096954345703125
-0.0081738485023379325866699219
-0.0014467206783592700958251953
0.0099647631868720054626464844
0.042798954993486404418945312
0.1631998121738433837890625
0.0066457688808441162109375
0.0398986041545867919921875
-0.0024717417545616626739501953
0.037225902080535888671875
0.012728640809655189514160156
0.116381108760833740234375
0.055221427232027053833007812
0.03233142197132110595703125
0.033962454646825790405273438
0.03695790469646453857421875
0.0063376370817422866821289062
0.01485131680965423583984375
0.036055974662303924560546875
0.021298741921782493591308594
0.040346551686525344848632812
0.042185671627521514892578125
0.046520017087459564208984375
0.019507609307765960693359375
0.170783936977386474609375
0.12280149012804031372070312
0.018644142895936965942382812
0.0069163837470114231109619141
0.013296771794557571411132812
0.026257639750838279724121094
0.080042816698551177978515625
0.0832005441188812255859375
0.0058811106719076633453369141
0.016083115711808204650878906
0.052388478070497512817382812
0.022121565416455268859863281
0.013703857548534870147705078
0.009870462119579315185546875
0.07237827777862548828125
0.011598412878811359405517578
0.082758121192455291748046875
0.031760092824697494506835938
0.039178662002086639404296875
0.0089091323316097259521484375
0.030015928670763969421386719
-0.013584909029304981231689453
0.0168152749538421630859375
0.01917482912540435791015625
0.05519925057888031005859375
0.0055629457347095012664794922
0.034790731966495513916015625
0.1441287994384765625
0.017223959788680076599121094
-0.014736512675881385803222656
0.094987265765666961669921875
0.03515659272670745849609375
0.019370120018720626831054688
0.027220567688345909118652344
0.017208909615874290466308594
-0.0054289470426738262176513672
0.024098535999655723571777344
0.01671886444091796875
0.019640589132905006408691406
0.012203333899378776550292969
0.046667683869600296020507812
0.019326787441968917846679688
0.0071614054031670093536376953
-0.0019471618579700589179992676
-0.0031347554177045822143554688
0.010144349187612533569335938
0.101208209991455078125
-0.0052612852305173873901367188
0.0013434769352898001670837402
-0.0017292595002800226211547852
0.023437850177288055419921875
0.015958497300744056701660156
0.070836968719959259033203125
0.09559531509876251220703125
0.032584805041551589965820312
0.0018458085833117365837097168
0.0033345536794513463973999023
0.022167006507515907287597656
-0.0063475980423390865325927734
0.02681668102741241455078125
0.163856208324432373046875
0.22512291371822357177734375
-0.0021909479983150959014892578
0.04375715553760528564453125
0.00755394995212554931640625
0.047028239816427230834960938
0.0084038199856877326965332031
-0.0030577587895095348358154297
0.12048395723104476928710938
0.0044328630901873111724853516
-0.014123158529400825500488281
0.0050629409961402416229248047
0.0043787695467472076416015625
0.011161008849740028381347656
0.05566115677356719970703125
-0.001836792915128171443939209
0.037490773946046829223632812
0.046592433005571365356445312
0.139442265033721923828125
0.0087342001497745513916015625
0.07157908380031585693359375
0.060171816498041152954101562
0.042457886040210723876953125
-0.0052508153021335601806640625
-0.00094053568318486213684082031
0.04029922187328338623046875
0.027890633791685104370117188
-0.0022883024066686630249023438
0.022906580939888954162597656
0.16850268840789794921875
0.020580543205142021179199219
0.1822369992733001708984375
0.011261926032602787017822266
0.027883145958185195922851562
0.011868082918226718902587891
0.012284038588404655456542969
0.039934303611516952514648438
0.032608579844236373901367188
0.088118143379688262939453125
0.2327233254909515380859375
0.04487560689449310302734375
-0.0070737940259277820587158203
0.002404560567811131477355957
0.0676753818988800048828125
0.0036381047684699296951293945
0.09409035742282867431640625
0.3360903561115264892578125
-0.0049793277867138385772705078
0.092756696045398712158203125
0.020837489515542984008789062
0.0661644637584686279296875
0.055551733821630477905273438
0.070005707442760467529296875
0.031777832657098770141601562
0.032519660890102386474609375
-0.0016215079231187701225280762
0.08103562891483306884765625
0.012193518690764904022216797
0.026474449783563613891601562
0.22993385791778564453125
0.0083011584356427192687988281
0.033591214567422866821289062
0.0074866958893835544586181641
0.04083456099033355712890625
0.18204672634601593017578125
0.0262180864810943603515625
0.0069244541227817535400390625
0.017595419660210609436035156
0.07710655033588409423828125
0.026061475276947021484375
0.072983928024768829345703125
0.0032574846409261226654052734
0.092512838542461395263671875
0.03314442932605743408203125
-0.0020439347717911005020141602
0.017487449571490287780761719
0.10131894052028656005859375
0.065678417682647705078125
0.017736034467816352844238281
0.0677776038646697998046875
0.039821680635213851928710938
-0.0012665531830862164497375488
0.041954610496759414672851562
0.044333942234516143798828125
0.094548486173152923583984375
0.07157196104526519775390625
0.030151162296533584594726562
-0.0081057222560048103332519531
-0.0089357430115342140197753906
0.023585153743624687194824219
0.10788270086050033569335938
0.03016097843647003173828125
0.052382297813892364501953125
0.0074537596665322780609130859
0.031111184507608413696289062
0.181870639324188232421875
0.026624953374266624450683594
0.028688082471489906311035156
0.002027648268267512321472168
0.011377748101949691772460938
-0.0027025858871638774871826172
0.0075580938719213008880615234
0.011544100940227508544921875
0.030249536037445068359375
0.11173950880765914916992188
0.044637490063905715942382812
0.11088025569915771484375
0.08105184137821197509765625
0.030650150030851364135742188
0.048370696604251861572265625
0.012288473546504974365234375
0.001839701202698051929473877
0.019959917291998863220214844
0.01933623850345611572265625
0.021214837208390235900878906
-0.0049058939330279827117919922
0.032004240900278091430664062
0.046543065458536148071289062
0.0093433381989598274230957031
0.010304449126124382019042969
0.040354039520025253295898438
0.012110560201108455657958984
0.046232026070356369018554688
0.027287459000945091247558594
0.010177358053624629974365234
-0.0050717382691800594329833984
-0.0015191367128863930702209473
0.017382677644491195678710938
-0.001422945526428520679473877
0.0050050662830471992492675781
0.12875668704509735107421875
0.014429617673158645629882812
0.066988952457904815673828125
0.012276477180421352386474609
-0.001011715619824826717376709
0.0848753452301025390625
0.025001628324389457702636719
0.013684590347111225128173828
0.020357986912131309509277344
0.029461393132805824279785156
0.024667395278811454772949219
0.09181208908557891845703125
0.021124536171555519104003906
0.014237890020012855529785156
0.071036912500858306884765625
0.11926262825727462768554688
0.0057643437758088111877441406
0.050202619284391403198242188
0.0074754264205694198608398438
0.014875383116304874420166016
0.017144855111837387084960938
0.0864016115665435791015625
0.012029055505990982055664062
0.036861784756183624267578125
0.033963616937398910522460938
0.0588861405849456787109375
0.07411517202854156494140625
0.034914188086986541748046875
0.11592262238264083862304688
0.12146150320768356323242188
0.042699344456195831298828125
-0.0032730437815189361572265625
0.060793749988079071044921875
0.012750089168548583984375
0.016061594709753990173339844
0.0097848866134881973266601562
0.014383885078132152557373047
0.023390298709273338317871094
0.04354877769947052001953125
0.11695920675992965698242188
0.0070292246527969837188720703
0.029870804399251937866210938
0.0079750679433345794677734375
0.0429802834987640380859375
0.050431646406650543212890625
0.0451014339923858642578125
0.10706656426191329956054688
0.3109282553195953369140625
0.020526813343167304992675781
0.061658743768930435180664062
0.017848001793026924133300781
0.015800213441252708435058594
0.062444560229778289794921875
0.045107904821634292602539062
0.041542507708072662353515625
0.032198734581470489501953125
0.061033975332975387573242188
0.0244167745113372802734375
0.021688958629965782165527344
0.0036265444941818714141845703
0.011332306079566478729248047
0.074473910033702850341796875
-0.00094133545644581317901611328
0.10776694864034652709960938
0.020312109962105751037597656
0.050866212695837020874023438
0.036489818245172500610351562
0.0325832068920135498046875
0.025630978867411613464355469
0.043031759560108184814453125
0.11516370624303817749023438
0.0062255230732262134552001953
0.058389771729707717895507812
0.020629329606890678405761719
0.048775892704725265502929688
0.0083447825163602828979492188
0.0419299602508544921875
0.020970178768038749694824219
-0.00016177272482309490442276001
0.0403990447521209716796875
0.01613532006740570068359375
0.01708145439624786376953125
0.1229564249515533447265625
0.0014158203266561031341552734
0.012619871646165847778320312
0.3335816562175750732421875
-0.0020621113944798707962036133
0.047794349491596221923828125
0.0021322735119611024856567383
0.0057102497667074203491210938
0.0031849958468228578567504883
0.023763503879308700561523438
0.037565223872661590576171875
0.014092330820858478546142578
0.044519416987895965576171875
0.0359093248844146728515625
0.0054944558069109916687011719
0.034880306571722030639648438
0.0574986040592193603515625
0.057031970471143722534179688
0.04865585267543792724609375
0.0629144608974456787109375
0.025882398709654808044433594
-0.0056776772253215312957763672
0.1616286933422088623046875
0.024689497426152229309082031
0.0770299136638641357421875
0.021043322980403900146484375
0.098824150860309600830078125
0.08966200053691864013671875
0.027117397636175155639648438
0.1670114696025848388671875
0.0086429528892040252685546875
0.0096391821280121803283691406
0.4322677552700042724609375
0.016287276521325111389160156
0.026499606668949127197265625
0.0015048861969262361526489258
0.022357281297445297241210938
0.016750928014516830444335938
0.21119344234466552734375
0.026677085086703300476074219
0.035224135965108871459960938
0.07611809670925140380859375
0.017704697325825691223144531
0.06418669223785400390625
0.073710918426513671875
0.083049096167087554931640625
0.060057666152715682983398438
0.0088543845340609550476074219
0.026409959420561790466308594
0.012400515377521514892578125
0.090008161962032318115234375
0.013754461891949176788330078
0.008902080357074737548828125
0.0099461507052183151245117188
-0.00024284084793180227279663086
0.09700648486614227294921875
0.044937334954738616943359375
0.020463921129703521728515625
0.011170896701514720916748047
0.025453427806496620178222656
0.030263639986515045166015625
0.0320586264133453369140625
0.013673539273440837860107422
0.058112688362598419189453125
0.026620300486683845520019531
0.010819722898304462432861328
0.030523566529154777526855469
0.018568890169262886047363281
0.0018944494659081101417541504
0.053750056773424148559570312
-0.0029862879309803247451782227
0.017256677150726318359375
0.012067517265677452087402344
0.0347162783145904541015625
0.012459843419492244720458984
0.027355004101991653442382812
0.11523052304983139038085938
0.051298599690198898315429688
0.10704700648784637451171875
0.0079160295426845550537109375
0.0022477318998426198959350586
-0.00094111735234037041664123535
0.0065484871156513690948486328
0.0002274269936606287956237793
0.024066472426056861877441406
-0.0070380219258368015289306641
0.358245790004730224609375
0.15685264766216278076171875
0.1275251805782318115234375
0.001628924044780433177947998
0.036322303116321563720703125
0.066504217684268951416015625
0.084702670574188232421875
0.090636052191257476806640625
0.004223830997943878173828125
0.01709766685962677001953125
0.028239190578460693359375
-0.0073364111594855785369873047
0.14502505958080291748046875
0.020945169031620025634765625
0.02515213191509246826171875
0.014355165883898735046386719
0.023280730471014976501464844
0.012896811589598655700683594
0.0831775665283203125
0.029514614492654800415039062
0.1662226021289825439453125
0.049329556524753570556640625
0.059605140239000320434570312
0.06413419544696807861328125
0.0021763339173048734664916992
0.050005875527858734130859375
0.024085449054837226867675781
0.2059237957000732421875
0.018237564712762832641601562
0.014078371226787567138671875
0.011371785774827003479003906
0.053804080933332443237304688
0.0056123863905668258666992188
0.025397589430212974548339844
0.346931874752044677734375
0.028807176277041435241699219
0.0094204796478152275085449219
0.0084113813936710357666015625
0.07644818723201751708984375
0.027117688208818435668945312
0.07079385221004486083984375
0.04012028872966766357421875
0.0087166046723723411560058594
0.013720580376684665679931641
0.06481821835041046142578125
0.017552303150296211242675781
0.0343182086944580078125
0.056056536734104156494140625
0.012599586509168148040771484
0.041739035397768020629882812
0.025030346587300300598144531
-0.00045209113159216940402984619
0.13458929955959320068359375
0.099659554660320281982421875
0.034490235149860382080078125
-0.0032659913413226604461669922
0.03374011814594268798828125
0.0023087330628186464309692383
0.037848927080631256103515625
0.0728468000888824462890625
0.030765825882554054260253906
-0.00063015019986778497695922852
0.13995717465877532958984375
0.22455100715160369873046875
-0.0088940095156431198120117188
-0.001691597281023859977722168
0.10265573114156723022460938
0.050271835178136825561523438
0.012469804845750331878662109
0.0045316717587411403656005859
0.022246766835451126098632812
0.044306967407464981079101562
0.019939342513680458068847656
0.041252117604017257690429688
0.1764424145221710205078125
0.090264596045017242431640625
0.1408326327800750732421875
0.0541374385356903076171875
0.0048612519167363643646240234
0.018234729766845703125
0.034052174538373947143554688
-0.010560159571468830108642578
0.020657757297158241271972656
0.084447324275970458984375
-0.0047373594716191291809082031
0.0265233814716339111328125
0.029613131657242774963378906
0.01314096152782440185546875
0.014655372127890586853027344
0.00011160499707330018281936646
0.013177751563489437103271484
0.025307288393378257751464844
0.068751223385334014892578125
0.0029229603242129087448120117
0.0084361014887690544128417969
0.045552942901849746704101562
0.027189450338482856750488281
0.052991289645433425903320312
0.0023485035635530948638916016
0.05594551563262939453125
0.0194530785083770751953125
0.03939510881900787353515625
0.0034924002829939126968383789
0.0046655251644551753997802734
0.079978756606578826904296875
-0.0025299799162894487380981445
0.080716006457805633544921875
0.016393428668379783630371094
0.061963386833667755126953125
0.0570143759250640869140625
0.0437476336956024169921875
0.00076865672599524259567260742
0.022187219932675361633300781
0.051688600331544876098632812
0.030627900734543800354003906
0.025692053139209747314453125
0.043593641370534896850585938
0.1150959432125091552734375
0.064350716769695281982421875
0.13734365999698638916015625
0.0086638201028108596801757812
0.010436485521495342254638672
0.041190169751644134521484375
0.057556260377168655395507812
-0.0072761368937790393829345703
0.0027841629926115274429321289
0.073092184960842132568359375
0.019525058567523956298828125
0.013598287478089332580566406
0.3024717271327972412109375
0.0014108761679381132125854492
0.098439753055572509765625
0.10020390897989273071289062
-0.0015935158589854836463928223
0.012669748626649379730224609
-0.0047684782184660434722900391
0.017797471955418586730957031
0.015944318845868110656738281
0.011595941148698329925537109
0.19880950450897216796875
0.04520380496978759765625
0.041522730141878128051757812
0.052890662103891372680664062
0.057705454528331756591796875
0.3635348379611968994140625
0.018644796684384346008300781
0.024635767564177513122558594
0.034599948674440383911132812
0.014564124867320060729980469
0.1487286090850830078125
0.07387734949588775634765625
0.0066338446922600269317626953
0.082630015909671783447265625
0.03445504605770111083984375
0.024705130606889724731445312
0.02342607080936431884765625
0.022102007642388343811035156
0.13033580780029296875
0.01849734783172607421875
0.04122121632099151611328125
0.029137194156646728515625
0.17408859729766845703125
0.073051400482654571533203125
0.003769849659875035285949707
0.023943744599819183349609375
-0.0086553860455751419067382812
0.06942434608936309814453125
0.105858325958251953125
0.0646280944347381591796875
0.02766524255275726318359375
0.03864841163158416748046875
0.14140796661376953125
0.012246740050613880157470703
0.022589651867747306823730469
0.046692769974470138549804688
0.095129989087581634521484375
0.010027654469013214111328125
-0.00081213540397584438323974609
0.030821373686194419860839844
0.032283581793308258056640625
0.042882420122623443603515625
0.026349904015660285949707031
0.036320410668849945068359375
0.011395852081477642059326172
0.031597521156072616577148438
0.043468438088893890380859375
0.022931592538952827453613281
-0.0002552010118961334228515625
0.018804678693413734436035156
0.029436962679028511047363281
0.033730011433362960815429688
0.067269019782543182373046875
0.0087708439677953720092773438
0.041267964988946914672851562
0.10622600466012954711914062
0.0054823863320052623748779297
0.062278863042593002319335938
0.024711528792977333068847656
0.0070942244492471218109130859
0.014846373349428176879882812
0.0530184805393218994140625
0.090631403028964996337890625
0.0963042080402374267578125
0.019753720611333847045898438
0.022518398240208625793457031
0.0068024517968297004699707031
0.045676399022340774536132812
0.0048651783727109432220458984
0.0463407933712005615234375
0.030769534409046173095703125
0.013551900163292884826660156
0.046824950724840164184570312
0.05123643577098846435546875
-0.0073773451149463653564453125
0.019589403644204139709472656
0.07203088700771331787109375
0.021639736369252204895019531
0.083675973117351531982421875
0.1361900866031646728515625
0.038338970392942428588867188
0.14543949067592620849609375
0.0041825338266789913177490234
0.008189626038074493408203125
-0.0031653649639338254928588867
0.022001234814524650573730469
0.082310177385807037353515625
0.07529599964618682861328125
-0.0022557296324521303176879883
0.069405294954776763916015625
0.073466263711452484130859375
0.09516227245330810546875
0.053989626467227935791015625
0.011767820455133914947509766
0.034952796995639801025390625
0.13882316648960113525390625
0.03893865644931793212890625
0.0019342200830578804016113281
0.012134917080402374267578125
0.033953659236431121826171875
0.027483912184834480285644531
0.10575769841670989990234375
0.031664554029703140258789062
0.055862192064523696899414062
0.048958312720060348510742188
0.15506012737751007080078125
0.022381346672773361206054688
0.054649587720632553100585938
0.0022198851220309734344482422
0.03759147226810455322265625
0.09621085226535797119140625
0.012778881005942821502685547
0.091663472354412078857421875
0.034210678189992904663085938
0.03696088492870330810546875
0.026726670563220977783203125
0.029755782335996627807617188
0.06120185554027557373046875
0.015346668660640716552734375
0.1003229320049285888671875
0.0060465917922556400299072266
0.090334832668304443359375
0.020905470475554466247558594
-0.0045364703983068466186523438
0.026959696784615516662597656
0.015287631191313266754150391
-0.011405812576413154602050781
0.017482796683907508850097656
-0.0079470025375485420227050781
0.00994665920734405517578125
0.041325621306896209716796875
0.048175550997257232666015625
0.021418634802103042602539062
0.0332414209842681884765625
0.023253973573446273803710938
0.084481276571750640869140625
0.0082424106076359748840332031
0.0061945500783622264862060547
0.038610894232988357543945312
0.043007548898458480834960938
0.020323378965258598327636719
0.0064363004639744758605957031
0.025154894217848777770996094
-0.00056674983352422714233398438
0.033762875944375991821289062
0.0040216334164142608642578125
0.18636740744113922119140625
0.032270420342683792114257812
0.0087616834789514541625976562
-0.0027645321097224950790405273
0.034267969429492950439453125
0.422516882419586181640625
0.014732441864907741546630859
0.041581697762012481689453125
-0.0054725711233913898468017578
0.24901722371578216552734375
0.018434455618262290954589844
0.051154423505067825317382812
0.042275827378034591674804688
0.0067349798046052455902099609
0.0612421333789825439453125
0.0073657119646668434143066406
0.0096842600032687187194824219
0.011143122799694538116455078
-0.00062491529388353228569030762
0.035036262124776840209960938
0.00035917179775424301624298096
0.045573737472295761108398438
0.033560387790203094482421875
0.039388857781887054443359375
0.046716399490833282470703125
0.0052466709166765213012695312
0.068557240068912506103515625
0.025807293131947517395019531
0.1369514763355255126953125
0.089968025684356689453125
0.11887887865304946899414062
-0.0031306839082390069961547852
0.018399484455585479736328125
0.0037138652987778186798095703
-0.010934236459434032440185547
0.0041906042024493217468261719
0.031534481793642044067382812
0.01787941157817840576171875
0.028759989887475967407226562
0.022350082173943519592285156
0.014521736651659011840820312
0.0011403340613469481468200684
0.029727572575211524963378906
0.0913693010807037353515625
0.034814797341823577880859375
0.0094148814678192138671875
0.0032676635310053825378417969
0.020978176966309547424316406
0.020607372745871543884277344
0.09146869182586669921875
0.0074893860146403312683105469
0.0014835103647783398628234863
0.054945431649684906005859375
0.026705658063292503356933594
-0.0013233372010290622711181641
0.02977134287357330322265625
0.060057740658521652221679688
0.022816495969891548156738281
0.041950900107622146606445312
0.170697271823883056640625
0.0079768858850002288818359375
0.0013185385614633560180664062
-0.013965384103357791900634766
0.045757178217172622680664062
-0.0070908074267208576202392578
0.047264244407415390014648438
0.14125092327594757080078125
0.026595944538712501525878906
0.08364449441432952880859375
-0.0013506022514775395393371582
0.02985386550426483154296875
0.061163175851106643676757812
-0.0085916947573423385620117188
0.045096926391124725341796875
0.040427256375551223754882812
0.084836445748805999755859375
0.010035870596766471862792969
-0.00067544652847573161125183105
-0.0045310175046324729919433594
-0.0016521174693480134010314941
0.033186163753271102905273438
0.2483288347721099853515625
0.062154676765203475952148438
0.076699607074260711669921875
0.029422204941511154174804688
0.150354683399200439453125
0.10654612630605697631835938
0.026794724166393280029296875
0.0056932363659143447875976562
0.06830538809299468994140625
0.049696795642375946044921875
0.022866882383823394775390625
0.0240066349506378173828125
-0.00063196785049512982368469238
0.025599641725420951843261719
0.013101409189403057098388672
0.1769336163997650146484375
0.050843894481658935546875
0.1251549422740936279296875
-0.0012615363812074065208435059
0.065342657268047332763671875
0.062244106084108352661132812
0.0086753796786069869995117188
0.04633657634258270263671875
0.024912126362323760986328125
0.091282851994037628173828125
0.0073550967499613761901855469
0.014753890223801136016845703
0.017759228125214576721191406
0.014184013940393924713134766
-0.007830671966075897216796875
0.02152420580387115478515625
-0.0052006477490067481994628906
0.0745210945606231689453125
0.012849770486354827880859375
0.022069578990340232849121094
0.036315757781267166137695312
0.10205350071191787719726562
0.018862916156649589538574219
0.022727359086275100708007812
0.0040485351346433162689208984
0.056402403861284255981445312
6.3182240410242229700088501e-05
0.0029454268515110015869140625
-0.0018295949557796120643615723
0.085768043994903564453125
0.1503554880619049072265625
0.0073566962964832782745361328
0.025948198512196540832519531
0.019837988540530204772949219
0.034198533743619918823242188
0.0098649365827441215515136719
0.073863677680492401123046875
0.034880962222814559936523438
0.0016809094231575727462768555
0.099861823022365570068359375
0.10553885251283645629882812
0.013804193586111068725585938
0.007335029542446136474609375
0.0054575209505856037139892578
-0.0007954128086566925048828125
0.0055500040762126445770263672
0.11251826584339141845703125
0.192169487476348876953125
0.00014017878856975585222244263
-0.015841003507375717163085938
0.049649465829133987426757812
0.039663035422563552856445312
0.043105486780405044555664062
0.028418194502592086791992188
-0.0068145212717354297637939453
0.04646432399749755859375
0.017482941970229148864746094
0.15125276148319244384765625
0.022688604891300201416015625
0.027916664257645606994628906
0.02210295200347900390625
0.067759506404399871826171875
0.041725654155015945434570312
-0.013119585812091827392578125
0.018996842205524444580078125
-0.0040923771448433399200439453
0.031289752572774887084960938
0.06105782091617584228515625
0.044119674712419509887695312
0.042339373379945755004882812
-0.0012032982194796204566955566
-0.013157320208847522735595703
0.012527897022664546966552734
0.04427337646484375
0.016908703371882438659667969
0.0056792767718434333801269531
0.092580743134021759033203125
0.0853517949581146240234375
-0.00070205726660788059234619141
0.038642231374979019165039062
0.016109799966216087341308594
0.044091172516345977783203125
0.026416720822453498840332031
0.065910927951335906982421875
-0.0024584364145994186401367188
0.062307145446538925170898438
0.023555271327495574951171875
0.073635376989841461181640625
0.099973432719707489013671875
0.015521237626671791076660156
0.07216989994049072265625
0.018836233764886856079101562
0.011346338316798210144042969
0.0070745935663580894470214844
0.011281993240118026733398438
-0.0028170265723019838333129883
0.074896991252899169921875
-0.0057833930477499961853027344
0.0096409264951944351196289062
0.05523844063282012939453125
0.10419137030839920043945312
0.031444255262613296508789062
0.021052120253443717956542969
0.011516544967889785766601562
-0.0057825930416584014892578125
0.024219520390033721923828125
0.07012937963008880615234375
0.051946420222520828247070312
0.055777925997972488403320312
0.04256178438663482666015625
0.0063166250474750995635986328
0.0034494306892156600952148438
0.100591003894805908203125
0.0056818216107785701751708984
0.032559577375650405883789062
0.016737114638090133666992188
0.07099480926990509033203125
0.056719187647104263305664062
0.049158982932567596435546875
0.0048872809857130050659179688
0.1106290519237518310546875
-0.007894508540630340576171875
0.014531333930790424346923828
0.0048184278421103954315185547
0.0036528643686324357986450195
-0.0085733728483319282531738281
0.0080296704545617103576660156
0.041525784879922866821289062
0.0069966521114110946655273438
0.018460266292095184326171875
0.0066028716973960399627685547
0.248425304889678955078125
0.102874577045440673828125
0.335522711277008056640625
0.2252891957759857177734375
0.062795080244541168212890625
0.0017128277104347944259643555
0.0431483089923858642578125
0.1204661428928375244140625
-0.0009995736181735992431640625
0.034889467060565948486328125
0.030560357496142387390136719
0.012169161811470985412597656
0.002340215025469660758972168
0.012951705604791641235351562
0.059760879725217819213867188
0.018534718081355094909667969
0.2724613845348358154296875
0.111228883266448974609375
-0.00033590561361052095890045166
0.021828556433320045471191406
0.040345024317502975463867188
0.04287667572498321533203125
0.3735603392124176025390625
0.0036568632349371910095214844
0.017520021647214889526367188
0.036443796008825302124023438
0.018933152779936790466308594
0.032356798648834228515625
0.010761121287941932678222656
0.027292983606457710266113281
-0.0038900340441614389419555664
0.012221583165228366851806641
0.040382031351327896118164062
0.00057307531824335455894470215
0.026049915701150894165039062
0.06695820391178131103515625
0.0025497560855001211166381836
-0.0044724885374307632446289062
-0.0041767172515392303466796875
-0.0020118709653615951538085938
0.11475865542888641357421875
0.023855840787291526794433594
-0.0015977327711880207061767578
0.0056248917244374752044677734
0.1057779788970947265625
0.076591126620769500732421875
0.11136724799871444702148438
0.015246842056512832641601562
0.041027959436178207397460938
0.20013786852359771728515625
0.014056050218641757965087891
0.0014902721159160137176513672
0.10932730883359909057617188
0.023575337603688240051269531
0.010691467672586441040039062
0.023411674425005912780761719
0.011227389797568321228027344
0.074298970401287078857421875
0.012487763538956642150878906
0.015390438027679920196533203
0.059445764869451522827148438
0.021361051127314567565917969
0.012222892604768276214599609
0.016182942315936088562011719
0.0019504337105900049209594727
0.014306597411632537841796875
0.022388398647308349609375
0.032992038875818252563476562
-0.0047458661720156669616699219
0.0092622693628072738647460938
0.036611311137676239013671875
0.031878460198640823364257812
0.026697369292378425598144531
0.00066890293965116143226623535
0.0082858894020318984985351562
0.023030545562505722045898438
0.029835542663931846618652344
0.031237911432981491088867188
0.016765033826231956481933594
0.10881625860929489135742188
0.031180182471871376037597656
0.086769871413707733154296875
-0.012313630431890487670898438
0.0041706822812557220458984375
-0.0053552947938442230224609375
-0.0072959861718118190765380859
0.091887705028057098388671875
0.01989091932773590087890625
-0.013784999027848243713378906
0.0093647865578532218933105469
0.022533303126692771911621094
0.043015476316213607788085938
-0.00040875785634852945804595947
0.023254554718732833862304688
0.11454039067029953002929688
0.0086949383839964866638183594
-0.0026581620331853628158569336
0.016381287947297096252441406
0.022993393242359161376953125
0.053253542631864547729492188
0.041473072022199630737304688
0.075837157666683197021484375
0.0738122761249542236328125
0.0082421200349926948547363281
0.016360202804207801818847656
0.0053963745012879371643066406
0.014018096961081027984619141
0.0397565364837646484375
0.026538651436567306518554688
0.0058330516330897808074951172
0.069373667240142822265625
0.18391086161136627197265625
0.039848510175943374633789062
0.022430133074522018432617188
0.075837157666683197021484375
0.026365462690591812133789062
0.0019734089728444814682006836
0.013276123441755771636962891
0.1344188749790191650390625
0.08396615087985992431640625
0.01104576885700225830078125
0.037976745516061782836914062
0.061004020273685455322265625
0.00639943778514862060546875
0.235220730304718017578125
0.025923622772097587585449219
-0.0044932826422154903411865234
0.040990080684423446655273438
0.03232778608798980712890625
0.043039541691541671752929688
0.039010126143693923950195312
0.22387547791004180908203125
0.0014050597092136740684509277
-0.0015529453521594405174255371
0.084672860801219940185546875
0.02816212177276611328125
0.014457028359174728393554688
0.013711273670196533203125
0.057939860969781875610351562
0.06703984737396240234375
0.0069022784009575843811035156
0.017653221264481544494628906
0.0335648953914642333984375
0.013383947312831878662109375
-0.0093480637297034263610839844
0.011698530055582523345947266
0.015744229778647422790527344
0.060551054775714874267578125
0.0271587669849395751953125
0.0095621850341558456420898438
0.041317988187074661254882812
-0.0027064394671469926834106445
0.0464878082275390625
0.0049694399349391460418701172
0.029815038666129112243652344
0.010379700921475887298583984
0.014576921239495277404785156
0.025525044649839401245117188
0.069239012897014617919921875
-0.0063514513894915580749511719
0.0050364756025373935699462891
0.0048304968513548374176025391
0.045056644827127456665039062
0.0060346676036715507507324219
0.03329980373382568359375
0.027968503534793853759765625
-0.0013851380208507180213928223
0.069830119609832763671875
-0.0045928182080388069152832031
0.0014684600755572319030761719
0.087688736617565155029296875
-0.0063295667059719562530517578
0.024446584284305572509765625
0.016609732061624526977539062
0.015618010424077510833740234
0.049371071159839630126953125
0.0058052777312695980072021484
0.03194294869899749755859375
0.080794751644134521484375
0.069016970694065093994140625
0.06016112864017486572265625
0.090459883213043212890625
0.035338360816240310668945312
0.012815961614251136779785156
0.21434085071086883544921875
0.021900827065110206604003906
0.12669007480144500732421875
0.0096292207017540931701660156
0.047047797590494155883789062
0.016915900632739067077636719
0.1277997195720672607421875
0.031331341713666915893554688
0.010752324014902114868164062
0.3398739397525787353515625
0.086285717785358428955078125
0.040748547762632369995117188
0.020249728113412857055664062
0.019173083826899528503417969
0.0091079128906130790710449219
0.1802041232585906982421875
0.090128637850284576416015625
0.288299560546875
0.019342346116900444030761719
0.00051839975640177726745605469
0.035749953240156173706054688
-0.0025088221300393342971801758
0.023379610851407051086425781
0.048292391002178192138671875
0.030658366158604621887207031
0.024616209790110588073730469
0.13304297626018524169921875
0.09194622933864593505859375
0.014400098472833633422851562
0.10770340263843536376953125
0.014471787028014659881591797
-0.0088258106261491775512695312
0.00089029525406658649444580078
0.018133157864212989807128906
0.043651733547449111938476562
0.020401829853653907775878906
0.071330137550830841064453125
0.0114414393901824951171875
0.017163684591650962829589844
0.066053800284862518310546875
0.049580030143260955810546875
0.1364229023456573486328125
0.020658195018768310546875
0.020362641662359237670898438
0.015711074694991111755371094
0.049008917063474655151367188
0.0052657928317785263061523438
0.012391499243676662445068359
0.062424782663583755493164062
0.0010282928124070167541503906
-0.0097520956769585609436035156
0.055151265114545822143554688
0.010542055591940879821777344
0.0752520859241485595703125
0.0372035801410675048828125
0.014568923972547054290771484
0.0077749784104526042938232422
0.0042061633430421352386474609
0.0523855686187744140625
0.080763630568981170654296875
1.6795280316728167235851288e-05
0.089855767786502838134765625
0.0054907477460801601409912109
0.03124983608722686767578125
0.056319009512662887573242188
-0.0025872727856040000915527344
0.036000426858663558959960938
0.010610763914883136749267578
-0.0039755371399223804473876953
-0.0057973526418209075927734375
0.21535809338092803955078125
0.024864284321665763854980469
-0.013979343697428703308105469
0.03988958895206451416015625
0.0183304846286773681640625
-0.0024213558062911033630371094
0.0065635372884571552276611328
0.020644234493374824523925781
0.11348374187946319580078125
0.00012447411427274346351623535
0.0071310866624116897583007812
0.0025094766169786453247070312
-0.0019277491373941302299499512
0.134936034679412841796875
0.1608378589153289794921875
0.073314525187015533447265625
0.03572930395603179931640625
0.277777135372161865234375
0.019332239404320716857910156
0.033813260495662689208984375
0.16103707253932952880859375
-0.0044751786626875400543212891
0.039031211286783218383789062
0.085076890885829925537109375
0.06824882328510284423828125
0.019919637590646743774414062
-0.0016147461719810962677001953
0.11260617524385452270507812
0.10343682020902633666992188
0.04024679958820343017578125
0.16932193934917449951171875
0.07079203426837921142578125
0.061820589005947113037109375
0.013873773626983165740966797
-0.0064239399507641792297363281
0.0978250205516815185546875
0.098939903080463409423828125
0.045016076415777206420898438
0.0032828592229634523391723633
0.24849082529544830322265625
0.010977060534060001373291016
-0.0032337820157408714294433594
0.011611354537308216094970703
0.020545134320855140686035156
0.014888252131640911102294922
0.16695256531238555908203125
0.12451438605785369873046875
-0.00058877997798845171928405762
-0.000459725357359275221824646
0.074956752359867095947265625
0.24944989383220672607421875
0.012155783362686634063720703
0.041861180216073989868164062
0.021213892847299575805664062
0.045731075108051300048828125
0.031136559322476387023925781
0.0079004708677530288696289062
0.05235125124454498291015625
0.12840361893177032470703125
0.032346036285161972045898438
0.059029448777437210083007812
0.053917575627565383911132812
0.021770827472209930419921875
0.060640193521976470947265625
0.00073368469020351767539978027
0.029235783964395523071289062
0.051015991717576980590820312
-0.0045388699509203433990478516
0.066070817410945892333984375
0.075786702334880828857421875
0.0089338533580303192138671875
0.090804226696491241455078125
0.0219096243381500244140625
0.07720659673213958740234375
-0.0045329807326197624206542969
0.018012901768088340759277344
0.07812844216823577880859375
0.010479818098247051239013672
0.019694974645972251892089844
0.019986383616924285888671875
-0.0017570335185155272483825684
0.343511164188385009765625
0.2735207974910736083984375
0.0079789943993091583251953125
0.0695911347866058349609375
-0.0023135317023843526840209961
0.0014239634620025753974914551
0.014818235300481319427490234
0.050457384437322616577148438
0.019913529977202415466308594
0.020985521376132965087890625
0.053801316767930984497070312
0.0693440735340118408203125
0.011193362995982170104980469
0.012106343172490596771240234
0.072085559368133544921875
-0.0022022901102900505065917969
0.030830027535557746887207031
0.019393168389797210693359375
0.0412963926792144775390625
0.036784064024686813354492188
0.072431422770023345947265625
0.017705859616398811340332031
0.07718311250209808349609375
0.2850368320941925048828125
0.0014103673165664076805114746
-0.0089231645688414573669433594
-0.0045902007259428501129150391
0.014647665433585643768310547
0.016340862959623336791992188
0.0301838815212249755859375
0.024349885061383247375488281
-0.010010277852416038513183594
0.013329199515283107757568359
0.0262554585933685302734375
0.04173241555690765380859375
0.00032180047128349542617797852
0.049597479403018951416015625
0.009748823940753936767578125
-0.0021068260539323091506958008
0.23867212235927581787109375
0.0093829631805419921875
0.14198017120361328125
0.031089518219232559204101562
0.18340097367763519287109375
0.012543747201561927795410156
0.080256938934326171875
0.011315947398543357849121094
0.022819695994257926940917969
0.055672354996204376220703125
0.017096431925892829895019531
0.025468552485108375549316406
0.13739658892154693603515625
0.020781796425580978393554688
0.0054392712190747261047363281
0.07866691052913665771484375
0.0012712064199149608612060547
0.3420596420764923095703125
0.013865484856069087982177734
0.0126965045928955078125
0.016849664971232414245605469
0.016628200188279151916503906
0.036315537989139556884765625
0.020371366292238235473632812
0.0053447526879608631134033203
0.029754184186458587646484375
0.16854847967624664306640625
0.014045943506062030792236328
0.024201562628149986267089844
0.0068161208182573318481445312
0.014460735954344272613525391
0.00028617412317544221878051758
0.016720028594136238098144531
0.025977645069360733032226562
0.043243411928415298461914062
0.15085978806018829345703125
0.0065655005164444446563720703
-0.0074314386583864688873291016
-0.0019823519978672266006469727
0.09076416492462158203125
0.052849076688289642333984375
0.043705753982067108154296875
0.08182013034820556640625
0.13395552337169647216796875
0.00041871870053000748157501221
0.00027395936194807291030883789
-0.0069001698866486549377441406
0.2385350763797760009765625
-0.0011889021843671798706054688
-0.0006221524090506136417388916
0.3058944642543792724609375
0.089114300906658172607421875
0.049677312374114990234375
0.04196311533451080322265625
0.074439227581024169921875
-0.0038944692350924015045166016
0.0072915507480502128601074219
0.015058604069054126739501953
0.015060058794915676116943359
-0.0166538655757904052734375
0.03277464210987091064453125
0.017412196844816207885742188
0.0048046135343611240386962891
0.036871530115604400634765625
0.033022500574588775634765625
-0.00035880826180800795555114746
0.0064509143121540546417236328
-0.0066997171379625797271728516
0.0598033368587493896484375
0.024880789220333099365234375
0.2397443354129791259765625
0.059990704059600830078125
0.033294208347797393798828125
0.0345386564731597900390625
0.023635467514395713806152344
0.0823455154895782470703125
0.051017079502344131469726562
0.049401096999645233154296875
0.0045400331728160381317138672
0.2668695747852325439453125
0.056077476590871810913085938
0.0006944230408407747745513916
0.0085556320846080780029296875
-0.001014478504657745361328125
0.021558741107583045959472656
0.076651036739349365234375
0.018830126151442527770996094
0.013812990859150886535644531
0.0039058113470673561096191406
0.032031070441007614135742188
0.013244641013443470001220703
0.027696289122104644775390625
0.020826729014515876770019531
-0.0082313595339655876159667969
0.06896527111530303955078125
0.017181644216179847717285156
0.011993429623544216156005859
0.14400760829448699951171875
0.039985563606023788452148438
0.019324313849210739135742188
0.15345294773578643798828125
0.066973902285099029541015625
0.153908312320709228515625
0.013153394684195518493652344
0.041165959089994430541992188
0.03186835348606109619140625
0.003197210608050227165222168
0.021237159147858619689941406
-0.0067229834385216236114501953
0.12858356535434722900390625
0.0375528633594512939453125
-0.0026739393360912799835205078
0.10046551376581192016601562
0.042656738311052322387695312
0.047715391963720321655273438
-0.0067932908423244953155517578
0.06945924460887908935546875
0.00079257728066295385360717773
0.027064612135291099548339844
0.042262669652700424194335938
0.018690092489123344421386719
0.038763724267482757568359375
0.056005060672760009765625
0.031164769083261489868164062
0.013257656246423721313476562
0.082598604261875152587890625
0.054228905588388442993164062
-6.1364575230982154607772827e-05
0.036067537963390350341796875
0.040355857461690902709960938
0.041326347738504409790039062
0.015407160855829715728759766
0.1064647734165191650390625
0.035472359508275985717773438
0.2454006373882293701171875
0.06576864421367645263671875
0.174530446529388427734375
0.0043813870288431644439697266
0.11775366961956024169921875
