1
0.987608134746551513671875
1
0.97108566761016845703125
0.987608134746551513671875
0.966955006122589111328125
0.95214688777923583984375
0.9958693981170654296875
0.914269387722015380859375
0.985191881656646728515625
0.9728000164031982421875
0.943183720111846923828125
0.79587829113006591796875
0.89851605892181396484375
0.991738796234130859375
0.9958693981170654296875
0.933592736721038818359375
0.97934687137603759765625
0.90851819515228271484375
0.978017151355743408203125
0.9243190288543701171875
0.97934687137603759765625
0.845229089260101318359375
0.95323336124420166015625
0.937338769435882568359375
0.86953437328338623046875
0.7977340221405029296875
0.97521626949310302734375
0.917698085308074951171875
0.851364791393280029296875
0.90187752246856689453125
0.84131515026092529296875
0.4443906247615814208984375
0.6750087738037109375
0.81373059749603271484375
0.915767014026641845703125
0.8345515727996826171875
0.80976784229278564453125
0.813244044780731201171875
0.878808081150054931640625
0.8202774524688720703125
0.913350760936737060546875
0.777661263942718505859375
0.94709765911102294921875
0.806481838226318359375
0.700191915035247802734375
0.788837492465972900390625
0.670623123645782470703125
0.722707450389862060546875
0.591289997100830078125
0.9132568836212158203125
0.814910948276519775390625
0.816699326038360595703125
0.6788170337677001953125
0.818029105663299560546875
0.602108776569366455078125
0.93391001224517822265625
0.877795636653900146484375
0.7050564289093017578125
0.4607963263988494873046875
0.7167618274688720703125
0.8846530914306640625
0.607378423213958740234375
0.88706934452056884765625
0.776648819446563720703125
0.5773055553436279296875
0.325011909008026123046875
0.836690604686737060546875
0.8885669708251953125
0.710335433483123779296875
0.8161468505859375
0.4408693015575408935546875
0.58198654651641845703125
0.83967483043670654296875
0.753410160541534423828125
0.55029070377349853515625
0.66872537136077880859375
0.67727053165435791015625
0.3893692195415496826171875
0.459893703460693359375
0.80427348613739013671875
0.56924259662628173828125
0.75396406650543212890625
0.54246866703033447265625
0.74430572986602783203125
0.80032622814178466796875
0.824238836765289306640625
0.727664291858673095703125
0.7077987194061279296875
0.630403339862823486328125
0.4310772120952606201171875
0.385164916515350341796875
0.872963130474090576171875
0.56778848171234130859375
0.396872997283935546875
0.3701350390911102294921875
0.830637633800506591796875
0.785828649997711181640625
0.390601933002471923828125
0.63472163677215576171875
0.4706445634365081787109375
0.5760033130645751953125
0.7115514278411865234375
0.753821313381195068359375
0.56945645809173583984375
0.4278005659580230712890625
0.3974145948886871337890625
0.55695664882659912109375
0.77655494213104248046875
0.17782260477542877197265625
0.6415688991546630859375
0.196888744831085205078125
0.3186779022216796875
0.56206095218658447265625
0.555728852748870849609375
0.72628557682037353515625
0.5908114910125732421875
0.524835169315338134765625
0.511011540889739990234375
0.79066121578216552734375
0.510223925113677978515625
0.668139517307281494140625
0.20881994068622589111328125
0.2366714775562286376953125
0.726596176624298095703125
0.4683928191661834716796875
0.543322026729583740234375
0.11569254845380783081054688
0.578128814697265625
0.554100215435028076171875
0.4002963006496429443359375
0.084933273494243621826171875
0.3912391364574432373046875
0.4699060618877410888671875
0.096125781536102294921875
0.3925656974315643310546875
0.4126141369342803955078125
0.1617781817913055419921875
0.5546681880950927734375
0.4913592040538787841796875
0.2099075615406036376953125
0.6447479724884033203125
0.477607905864715576171875
0.51217365264892578125
0.4765694439411163330078125
0.4374923408031463623046875
0.3351874053478240966796875
0.4615352153778076171875
0.47124302387237548828125
0.4221595227718353271484375
0.16843239963054656982421875
0.4912873804569244384765625
0.11735965311527252197265625
0.198705852031707763671875
0.6825630664825439453125
0.61049854755401611328125
0.71396100521087646484375
0.4920484125614166259765625
0.69050705432891845703125
0.4578687250614166259765625
0.68496382236480712890625
0.57315361499786376953125
-0.06506641209125518798828125
0.608413040637969970703125
0.16530512273311614990234375
0.738677442073822021484375
0.03531314432621002197265625
0.5017917156219482421875
0.684662044048309326171875
0.2497403323650360107421875
0.4296407401561737060546875
0.62567138671875
0.66794121265411376953125
0.10130141675472259521484375
0.3951862156391143798828125
0.13628150522708892822265625
0.708041965961456298828125
0.4792488515377044677734375
0.07075725495815277099609375
0.64666163921356201171875
0.698073089122772216796875
0.673984527587890625
0.3422987759113311767578125
0.633982956409454345703125
0.58232820034027099609375
0.520625174045562744140625
0.37241685390472412109375
0.497462809085845947265625
0.4157734811305999755859375
0.6616966724395751953125
0.4689525067806243896484375
0.61739313602447509765625
0.340318858623504638671875
0.4129170477390289306640625
0.572100460529327392578125
0.23966266214847564697265625
0.567249596118927001953125
0.5291731357574462890625
0.2811986505985260009765625
0.43719327449798583984375
0.588881790637969970703125
0.48828601837158203125
0.4702103137969970703125
0.426652431488037109375
0.3034329712390899658203125
0.591413795948028564453125
0.58582603931427001953125
0.22898592054843902587890625
0.47651898860931396484375
0.568613231182098388671875
0.551004230976104736328125
0.4826802313327789306640625
0.632995545864105224609375
0.55088484287261962890625
0.630690991878509521484375
0.68427741527557373046875
0.3911325037479400634765625
0.391505181789398193359375
0.416475355625152587890625
0.5943605899810791015625
0.39277362823486328125
0.58878934383392333984375
0.3193175792694091796875
0.687395572662353515625
0.3457860052585601806640625
0.4284255504608154296875
0.420280516147613525390625
0.42154586315155029296875
0.623916327953338623046875
0.42854845523834228515625
0.413990914821624755859375
0.631853520870208740234375
0.1607259809970855712890625
0.51859009265899658203125
0.63041436672210693359375
0.4649757444858551025390625
0.3559997975826263427734375
0.17997314035892486572265625
0.604868829250335693359375
0.564818322658538818359375
0.67671811580657958984375
0.412866115570068359375
0.3793618977069854736328125
0.23481787741184234619140625
-0.030863963067531585693359375
0.4889942705631256103515625
0.576858997344970703125
0.541247844696044921875
0.4458062946796417236328125
0.2377512753009796142578125
0.47930586338043212890625
0.453995883464813232421875
0.4421265125274658203125
0.3848520219326019287109375
0.3874851167201995849609375
0.3862279355525970458984375
0.3608422577381134033203125
0.4938537776470184326171875
0.500645339488983154296875
0.3002365529537200927734375
0.68427741527557373046875
0.42852437496185302734375
0.22285433113574981689453125
0.54097497463226318359375
0.185357272624969482421875
0.020345425233244895935058594
0.19562880694866180419921875
0.71749031543731689453125
0.536031186580657958984375
0.4574419558048248291015625
0.3325230181217193603515625
0.40402734279632568359375
0.72527313232421875
0.33200442790985107421875
0.053984530270099639892578125
0.69876825809478759765625
0.065167270600795745849609375
0.3916703164577484130859375
0.6010303497314453125
0.3112604618072509765625
0.087362758815288543701171875
0.519378244876861572265625
0.595471680164337158203125
0.625044882297515869140625
0.40546166896820068359375
0.68083322048187255859375
0.2303598821163177490234375
0.52744829654693603515625
0.3768568933010101318359375
0.53331100940704345703125
0.24267776310443878173828125
0.52387154102325439453125
0.752540409564971923828125
0.2775643765926361083984375
0.561675012111663818359375
0.34726047515869140625
0.5385439395904541015625
0.455797731876373291015625
0.3520701229572296142578125
0.582934796810150146484375
0.3527319133281707763671875
0.30940806865692138671875
0.4913117587566375732421875
0.4152379930019378662109375
0.4926309287548065185546875
0.4855939447879791259765625
0.560982763767242431640625
0.528703510761260986328125
0.3363826274871826171875
0.345955789089202880859375
0.673910558223724365234375
0.3429546356201171875
0.4489293396472930908203125
0.645537793636322021484375
0.409566581249237060546875
0.72645342350006103515625
0.2884845435619354248046875
0.535617172718048095703125
0.4999420344829559326171875
0.389866054058074951171875
0.14851342141628265380859375
0.539475500583648681640625
0.4080900847911834716796875
0.654971778392791748046875
0.4553076326847076416015625
0.29472076892852783203125
0.22882468998432159423828125
0.561589419841766357421875
0.72246551513671875
0.441954314708709716796875
0.419966876506805419921875
0.4701735079288482666015625
0.3854323923587799072265625
0.632679760456085205078125
0.693625152111053466796875
0.4032411873340606689453125
0.538706302642822265625
0.51288044452667236328125
0.4692257344722747802734375
0.3123220503330230712890625
0.4683689773082733154296875
0.496795475482940673828125
0.571641862392425537109375
0.66737401485443115234375
0.2735044658184051513671875
0.627845823764801025390625
0.614919841289520263671875
0.725968301296234130859375
0.4275307953357696533203125
0.4381679594516754150390625
0.62183439731597900390625
0.559190094470977783203125
0.6537425518035888671875
-0.028616938740015029907226562
0.3389232158660888671875
0.4690348803997039794921875
0.3493334949016571044921875
0.3810117244720458984375
0.33013951778411865234375
0.4074811637401580810546875
0.3065457642078399658203125
0.12261028587818145751953125
0.50230276584625244140625
0.32913744449615478515625
0.566581547260284423828125
0.733534395694732666015625
0.4793427288532257080078125
0.3529799878597259521484375
0.648114264011383056640625
0.608817517757415771484375
0.4279345571994781494140625
0.456028044223785400390625
0.531565129756927490234375
0.5688798427581787109375
0.3810802996158599853515625
0.46251642704010009765625
0.468470096588134765625
0.2733034789562225341796875
0.538443088531494140625
0.4596652090549468994140625
0.4832355082035064697265625
0.419586837291717529296875
0.12728862464427947998046875
0.55264317989349365234375
0.4579938352108001708984375
0.104128301143646240234375
0.678041160106658935546875
0.3958835601806640625
0.423831462860107421875
0.2771618068218231201171875
0.49808585643768310546875
-0.09407974779605865478515625
0.28473913669586181640625
0.16425096988677978515625
0.3687643706798553466796875
0.34562969207763671875
0.4980878531932830810546875
0.4994051456451416015625
0.631340444087982177734375
0.4243704378604888916015625
0.321484088897705078125
0.3295605480670928955078125
0.4304495155811309814453125
0.0948501527309417724609375
0.4291063845157623291015625
0.439915239810943603515625
0.695967376232147216796875
0.3568501174449920654296875
0.456430912017822265625
0.23403732478618621826171875
-0.13346779346466064453125
0.322590053081512451171875
0.55385005474090576171875
0.3815893232822418212890625
0.738751471042633056640625
0.515875518321990966796875
0.459448516368865966796875
0.2518633902072906494140625
0.3520972728729248046875
0.4219290912151336669921875
0.319775283336639404296875
0.3405398428440093994140625
0.530052244663238525390625
0.019359536468982696533203125
0.669873714447021484375
0.4170866906642913818359375
0.14903239905834197998046875
0.3950656354427337646484375
0.158624112606048583984375
0.669704496860504150390625
0.3608253896236419677734375
-0.025847537443041801452636719
0.301354110240936279296875
0.658731281757354736328125
0.3336437046527862548828125
0.516938686370849609375
0.306966722011566162109375
0.3643586337566375732421875
0.5236122608184814453125
0.502301394939422607421875
0.4409263134002685546875
0.46516501903533935546875
0.6169250011444091796875
0.4158393442630767822265625
0.4518795907497406005859375
0.4733540117740631103515625
0.61450874805450439453125
0.611491143703460693359375
0.680625259876251220703125
0.63757812976837158203125
0.441628158092498779296875
0.2642886638641357421875
0.35675716400146484375
0.479829311370849609375
0.55307281017303466796875
0.4633093178272247314453125
0.388084828853607177734375
0.5253841876983642578125
0.51031780242919921875
0.47043311595916748046875
0.18546850979328155517578125
0.3241596519947052001953125
0.647262990474700927734375
0.358263075351715087890625
0.599193155765533447265625
0.2775421440601348876953125
0.565553605556488037109375
0.233959734439849853515625
-0.27550780773162841796875
0.17185179889202117919921875
0.4821318686008453369140625
0.343496501445770263671875
0.521599471569061279296875
0.1648134291172027587890625
0.53842580318450927734375
0.668935298919677734375
0.432330787181854248046875
0.2803232669830322265625
0.689695775508880615234375
0.656853973865509033203125
0.512857913970947265625
0.5505959987640380859375
0.10084824264049530029296875
0.17901270091533660888671875
0.46446835994720458984375
0.5383484363555908203125
0.077227361500263214111328125
0.3778698146343231201171875
0.51871049404144287109375
0.572963535785675048828125
0.50145852565765380859375
0.446337759494781494140625
0.289470195770263671875
0.3769536912441253662109375
0.544990003108978271484375
0.3917568624019622802734375
0.2218900024890899658203125
0.285738766193389892578125
0.390992641448974609375
0.460660755634307861328125
0.2696417272090911865234375
0.711477458477020263671875
0.579683244228363037109375
0.509545385837554931640625
0.041240014135837554931640625
0.539470493793487548828125
0.080038867890834808349609375
0.34845435619354248046875
0.71707916259765625
0.66922605037689208984375
0.613631665706634521484375
0.4070918858051300048828125
-0.10326410830020904541015625
0.448313891887664794921875
0.3639571964740753173828125
0.060352724045515060424804688
0.63252890110015869140625
0.569192230701446533203125
0.128317058086395263671875
0.389604866504669189453125
0.301501095294952392578125
0.534298360347747802734375
0.60757720470428466796875
0.26079189777374267578125
0.409946262836456298828125
0.4580278098583221435546875
0.647723019123077392578125
0.340313494205474853515625
0.618659198284149169921875
0.528386175632476806640625
0.526118576526641845703125
0.373965084552764892578125
0.031408790498971939086914062
0.55764496326446533203125
0.513342082500457763671875
-0.030443059280514717102050781
0.21760092675685882568359375
0.741093695163726806640625
0.4031775295734405517578125
0.602049529552459716796875
0.04859447479248046875
0.3077922761440277099609375
0.4430807530879974365234375
0.3354395329952239990234375
0.3161067068576812744140625
0.50690495967864990234375
0.61992514133453369140625
0.67710268497467041015625
0.019357582554221153259277344
0.127659738063812255859375
0.027145175263285636901855469
0.64744436740875244140625
-0.2468755543231964111328125
0.54030835628509521484375
0.737273693084716796875
-0.4217737615108489990234375
0.697673022747039794921875
-0.1555303633213043212890625
0.3255606591701507568359375
0.500576198101043701171875
0.63861715793609619140625
-0.2675044834613800048828125
0.40241229534149169921875
0.017845217138528823852539062
0.4040006697177886962890625
0.1338329315185546875
0.564116418361663818359375
0.7263596057891845703125
0.628866374492645263671875
0.3843784332275390625
0.3394468128681182861328125
0.604796230792999267578125
0.656928002834320068359375
0.519706070423126220703125
0.19529046118259429931640625
0.348381698131561279296875
0.66852414608001708984375
0.582049071788787841796875
0.59847319126129150390625
0.4521067440509796142578125
0.627756297588348388671875
0.615925014019012451171875
0.1791276037693023681640625
0.4044627845287322998046875
0.740465819835662841796875
0.606658637523651123046875
0.3294866085052490234375
0.631408393383026123046875
0.6627390384674072265625
0.54163300991058349609375
0.561990916728973388671875
0.340472280979156494140625
0.7206084728240966796875
0.4597069323062896728515625
0.3471929132938385009765625
0.4578633606433868408203125
0.2641259133815765380859375
0.597041070461273193359375
0.6512367725372314453125
0.6559088230133056640625
0.470787942409515380859375
0.50866186618804931640625
0.538053333759307861328125
0.726670205593109130859375
0.4848506450653076171875
0.1112480461597442626953125
0.50669014453887939453125
0.4854644238948822021484375
0.513154804706573486328125
0.2350071370601654052734375
0.535520851612091064453125
0.2876734435558319091796875
0.652940094470977783203125
0.602195203304290771484375
0.4482170641422271728515625
0.638691127300262451171875
0.577428400516510009765625
0.625449359416961669921875
0.543279945850372314453125
0.395892441272735595703125
0.3924901783466339111328125
0.64398515224456787109375
0.648640215396881103515625
0.3989122807979583740234375
0.627001106739044189453125
0.580698788166046142578125
-0.082593716681003570556640625
0.611315190792083740234375
0.43825328350067138671875
0.4179648458957672119140625
0.5056362152099609375
0.08465658128261566162109375
0.615405023097991943359375
0.4174906909465789794921875
0.290747463703155517578125
0.321350991725921630859375
-0.056018508970737457275390625
0.20739953219890594482421875
0.3930146396160125732421875
0.60391628742218017578125
0.520961344242095947265625
0.486584126949310302734375
-0.094450481235980987548828125
0.534884750843048095703125
0.4505101144313812255859375
0.3433502614498138427734375
0.422456562519073486328125
0.33746349811553955078125
0.4969017803668975830078125
0.68514716625213623046875
0.475701153278350830078125
0.576781570911407470703125
0.62094032764434814453125
0.4742973744869232177734375
0.506346225738525390625
0.521420001983642578125
0.4894579946994781494140625
0.2419452369213104248046875
0.56441819667816162109375
0.734546840190887451171875
0.452090799808502197265625
0.4488029181957244873046875
0.439104497432708740234375
0.604249060153961181640625
0.55068695545196533203125
0.492782294750213623046875
0.638907909393310546875
0.6553630828857421875
0.6142179965972900390625
0.23550425469875335693359375
0.54072487354278564453125
0.3818296492099761962890625
0.399269402027130126953125
0.4176664650440216064453125
0.368850409984588623046875
0.5680477619171142578125
0.3383934199810028076171875
0.74218022823333740234375
0.3848167955875396728515625
0.5238854885101318359375
0.460217654705047607421875
0.56228983402252197265625
0.394309818744659423828125
0.4769335687160491943359375
0.6698539257049560546875
0.72324144840240478515625
0.3572371006011962890625
0.581631600856781005859375
0.2640564143657684326171875
0.495880305767059326171875
0.609776794910430908203125
0.5902788639068603515625
0.49038636684417724609375
0.386781394481658935546875
0.629560172557830810546875
0.489482700824737548828125
0.50150406360626220703125
0.23024094104766845703125
0.14504592120647430419921875
0.639853000640869140625
0.455460608005523681640625
0.603708326816558837890625
0.3993471562862396240234375
0.56479179859161376953125
0.559576094150543212890625
0.529283046722412109375
0.387084424495697021484375
0.692612707614898681640625
0.528845369815826416015625
0.3877466619014739990234375
0.523989140987396240234375
0.32150781154632568359375
0.5526092052459716796875
0.592471659183502197265625
0.3306591510772705078125
0.4965302944183349609375
0.07353062927722930908203125
0.614003121852874755859375
0.26177465915679931640625
0.2705545723438262939453125
0.6498286724090576171875
0.085656456649303436279296875
0.4726531505584716796875
0.7272980213165283203125
0.3185215890407562255859375
0.42370283603668212890625
0.4454825222492218017578125
0.11660538613796234130859375
0.063404180109500885009765625
0.2312127053737640380859375
0.3461985886096954345703125
0.2521655261516571044921875
0.532901346683502197265625
0.5061581134796142578125
0.2721579372882843017578125
0.3271287977695465087890625
0.570010364055633544921875
0.546623647212982177734375
0.3916848599910736083984375
0.716284930706024169921875
0.5598919391632080078125
0.1310470104217529296875
0.8172333240509033203125
0.56088054180145263671875
0.65475499629974365234375
0.11021292954683303833007812
0.534966886043548583984375
0.712489902973175048828125
-0.048140469938516616821289062
0.648816168308258056640625
0.10179360210895538330078125
0.5952777862548828125
0.774449288845062255859375
0.61107933521270751953125
0.64593994617462158203125
0.089501313865184783935546875
0.357435405254364013671875
0.58190822601318359375
0.710464954376220703125
0.036670330911874771118164062
0.30105245113372802734375
0.640865504741668701171875
0.554625988006591796875
0.510936558246612548828125
0.681543886661529541015625
0.624641954898834228515625
0.59160721302032470703125
0.2531670033931732177734375
0.408322393894195556640625
0.4266619384288787841796875
0.565262854099273681640625
0.262215912342071533203125
0.50727367401123046875
0.1967813968658447265625
0.2990054786205291748046875
0.597831904888153076171875
0.59056079387664794921875
0.632988870143890380859375
0.613697469234466552734375
0.372427761554718017578125
0.568294584751129150390625
0.54670870304107666015625
0.383172452449798583984375
0.625740110874176025390625
0.655139625072479248046875
0.20212702453136444091796875
0.3922857940196990966796875
0.374456584453582763671875
0.28887879848480224609375
0.63796269893646240234375
0.20330263674259185791015625
0.28196918964385986328125
0.3014066219329833984375
0.45448744297027587890625
0.25094330310821533203125
0.4504369199275970458984375
0.708817899227142333984375
0.62487852573394775390625
0.641518533229827880859375
0.16160643100738525390625
0.21956445276737213134765625
0.53213489055633544921875
0.4482639729976654052734375
0.5195996761322021484375
0.24728764593601226806640625
0.190694630146026611328125
0.75831806659698486328125
0.663407623767852783203125
0.553067862987518310546875
-0.13255967199802398681640625
0.4660007655620574951171875
0.670966923236846923828125
0.64958536624908447265625
0.669103145599365234375
0.543295443058013916015625
0.504716098308563232421875
0.4946155846118927001953125
0.381807506084442138671875
0.734229564666748046875
0.430092513561248779296875
0.553027808666229248046875
0.324981153011322021484375
0.613738536834716796875
0.23109352588653564453125
0.711862027645111083984375
0.5221388339996337890625
0.653648674488067626953125
0.21736721694469451904296875
0.4971412122249603271484375
0.73524868488311767578125
0.35361373424530029296875
0.3649965226650238037109375
0.4179439842700958251953125
0.72075116634368896484375
0.470443308353424072265625
0.61009085178375244140625
0.4291398525238037109375
0.306583583354949951171875
-0.067054457962512969970703125
0.652001678943634033203125
0.778971195220947265625
0.4296407401561737060546875
0.11638932675123214721679688
0.208344519138336181640625
0.57731473445892333984375
0.583219587802886962890625
0.60344660282135009765625
0.5091035366058349609375
0.3329064846038818359375
0.638546645641326904296875
0.416953742504119873046875
0.35457611083984375
0.40822923183441162109375
0.4416379034519195556640625
0.13860738277435302734375
0.482626736164093017578125
0.400985658168792724609375
0.306952297687530517578125
0.605012953281402587890625
0.61646640300750732421875
0.569527447223663330078125
0.55499136447906494140625
0.451583921909332275390625
0.50719964504241943359375
0.558029592037200927734375
0.519739568233489990234375
0.4087190926074981689453125
0.395400464534759521484375
0.676494657993316650390625
0.7287018299102783203125
0.166566431522369384765625
0.13901965320110321044921875
0.6908242702484130859375
0.3677418529987335205078125
0.17016629874706268310546875
0.075882084667682647705078125
0.4071295261383056640625
0.642653942108154296875
0.399314820766448974609375
0.56202852725982666015625
0.683649599552154541015625
0.735248744487762451171875
0.689956009387969970703125
0.388611733913421630859375
0.2554376423358917236328125
0.3928040564060211181640625
0.4426020681858062744140625
0.18438543379306793212890625
0.3094495832920074462890625
0.502827167510986328125
0.14330242574214935302734375
0.09677951037883758544921875
0.4164524376392364501953125
0.45825862884521484375
0.2583516538143157958984375
0.15014900267124176025390625
0.56538569927215576171875
0.456438243389129638671875
0.526945173740386962890625
0.3862895965576171875
0.098678238689899444580078125
0.4422105848789215087890625
0.512132704257965087890625
0.54886329174041748046875
0.4843240678310394287109375
0.628033459186553955078125
0.4844475090503692626953125
0.51110470294952392578125
0.612267911434173583984375
0.3422604501247406005859375
0.293891429901123046875
0.1950765550136566162109375
0.62864148616790771484375
0.38483917713165283203125
0.687528073787689208984375
0.599070250988006591796875
0.601752102375030517578125
0.3320909440517425537109375
0.335354626178741455078125
0.4834868013858795166015625
0.3948853313922882080078125
0.3463092744350433349609375
0.4379265010356903076171875
0.5890495777130126953125
0.2303950488567352294921875
0.605210840702056884765625
0.4636941254138946533203125
0.4958942234516143798828125
0.4904448986053466796875
0.548863232135772705078125
0.3536579310894012451171875
0.4122456610202789306640625
0.6995441913604736328125
0.33283555507659912109375
0.4173677861690521240234375
0.3930146396160125732421875
0.2822419106960296630859375
0.69067490100860595703125
0.429879665374755859375
0.14783541858196258544921875
0.4021131098270416259765625
0.14010052382946014404296875
0.387888491153717041015625
0.2790085375308990478515625
0.407610356807708740234375
0.711160182952880859375
0.3679986298084259033203125
0.387074172496795654296875
0.570401608943939208984375
0.515912115573883056640625
0.761746823787689208984375
0.293199121952056884765625
0.3705256879329681396484375
0.408897221088409423828125
0.17635405063629150390625
0.737975597381591796875
0.62380897998809814453125
0.617571294307708740234375
0.501725137233734130859375
0.6008136272430419921875
0.10392742604017257690429688
0.596425592899322509765625
0.1880759894847869873046875
0.680457413196563720703125
0.2766493856906890869140625
0.531833231449127197265625
0.399090826511383056640625
0.7390620708465576171875
0.570920169353485107421875
0.2434067428112030029296875
0.536750018596649169921875
0.3821585178375244140625
0.654241979122161865234375
0.64344966411590576171875
0.56447589397430419921875
0.53777205944061279296875
0.4434305727481842041015625
0.736261188983917236328125
0.283057034015655517578125
0.5360882282257080078125
0.3872671425342559814453125
0.57767021656036376953125
0.444620549678802490234375
0.3436516821384429931640625
0.2685357630252838134765625
0.4724159538745880126953125
0.514907062053680419921875
0.36733210086822509765625
0.622385323047637939453125
0.2906716167926788330078125
0.622811496257781982421875
0.546161472797393798828125
0.17462813854217529296875
-0.054071877151727676391601562
0.578964650630950927734375
0.3608935773372650146484375
0.4517043530941009521484375
0.40080606937408447265625
0.409012734889984130859375
0.56555354595184326171875
0.397286593914031982421875
0.390743911266326904296875
0.61062133312225341796875
0.384126961231231689453125
0.3178547918796539306640625
0.44980537891387939453125
0.44859611988067626953125
0.761044919490814208984375
0.701306819915771484375
0.533900320529937744140625
0.67277514934539794921875
0.589190959930419921875
0.3880860805511474609375
0.2925793826580047607421875
0.58552849292755126953125
0.2771340906620025634765625
0.339158952236175537109375
0.3487412035465240478515625
0.495708942413330078125
0.2642934620380401611328125
0.4706519544124603271484375
0.5806205272674560546875
0.2533943355083465576171875
0.585135757923126220703125
0.70360076427459716796875
0.473891913890838623046875
0.680916011333465576171875
0.2161209583282470703125
0.513427555561065673828125
0.55767691135406494140625
0.3272211849689483642578125
0.500491619110107421875
0.551941335201263427734375
0.4479568302631378173828125
0.67939603328704833984375
0.60734355449676513671875
0.22528465092182159423828125
0.584181725978851318359375
0.543955326080322265625
0.254752218723297119140625
0.6516170501708984375
0.4386179745197296142578125
0.4411228597164154052734375
0.3788475096225738525390625
0.4373635947704315185546875
0.377509415149688720703125
0.70430266857147216796875
0.2479000985622406005859375
0.52213490009307861328125
0.6067259311676025390625
0.667531490325927734375
0.2516311109066009521484375
0.608737766742706298828125
0.610404670238494873046875
0.4775079786777496337890625
0.672086775302886962890625
0.18530885875225067138671875
0.710775554180145263671875
0.501713454723358154296875
0.689645469188690185546875
0.3700791895389556884765625
0.4650976955890655517578125
0.659878313541412353515625
0.1790034472942352294921875
0.603120505809783935546875
0.381737291812896728515625
0.62059700489044189453125
0.25396120548248291015625
0.497491896152496337890625
0.156623661518096923828125
0.5428783893585205078125
0.3108636438846588134765625
0.4406795203685760498046875
0.0891936719417572021484375
0.377994120121002197265625
0.481595814228057861328125
0.596496760845184326171875
0.4346676766872406005859375
0.14814351499080657958984375
0.58264410495758056640625
0.585454523563385009765625
0.20081855356693267822265625
0.559608042240142822265625
0.600796639919281005859375
0.5487878322601318359375
0.537057697772979736328125
0.4284535944461822509765625
0.15914119780063629150390625
0.253563702106475830078125
0.47271549701690673828125
0.4822600781917572021484375
0.686376392841339111328125
0.4754016101360321044921875
0.262214839458465576171875
0.440041601657867431640625
0.23337805271148681640625
0.733534336090087890625
0.3746753036975860595703125
0.61484587192535400390625
0.20689801871776580810546875
0.669563114643096923828125
0.609074890613555908203125
0.44379866123199462890625
0.598529875278472900390625
0.32590579986572265625
0.687078297138214111328125
0.5962669849395751953125
0.45785701274871826171875
0.2865905463695526123046875
0.3267873823642730712890625
0.378751575946807861328125
0.402120530605316162109375
0.3738407194614410400390625
0.4761509597301483154296875
0.28887116909027099609375
0.62683331966400146484375
0.1189785301685333251953125
0.614519774913787841796875
0.47804200649261474609375
0.69159352779388427734375
0.60414183139801025390625
0.695028960704803466796875
0.2516823709011077880859375
0.545819103717803955078125
0.2998514473438262939453125
0.3769699633121490478515625
0.1955046355724334716796875
0.4844965040683746337890625
0.543112099170684814453125
0.3886946737766265869140625
0.1864704787731170654296875
0.436530053615570068359375
0.339278399944305419921875
0.4193945825099945068359375
0.662220537662506103515625
0.606307327747344970703125
0.1665097773075103759765625
-0.1786669194698333740234375
0.390367090702056884765625
0.517330825328826904296875
0.4748341739177703857421875
0.1107653081417083740234375
0.3986239731311798095703125
0.1721464693546295166015625
0.275219023227691650390625
0.335263669490814208984375
0.4504258930683135986328125
0.657446563243865966796875
0.614108145236968994140625
0.550745487213134765625
0.692538678646087646484375
-0.036234796047210693359375
0.068106472492218017578125
0.250592529773712158203125
0.3106707036495208740234375
0.4901786744594573974609375
0.6192672252655029296875
0.65626621246337890625
0.0959430634975433349609375
0.4840285480022430419921875
0.446494996547698974609375
0.63112509250640869140625
0.568270146846771240234375
0.14528132975101470947265625
0.43941509723663330078125
0.5568826198577880859375
0.64110743999481201171875
0.3870714008808135986328125
0.4667365550994873046875
0.2706502377986907958984375
0.011364202946424484252929688
0.418567597866058349609375
0.719738662242889404296875
0.515421092510223388671875
0.7383601665496826171875
0.4561994075775146484375
0.702037274837493896484375
0.67461240291595458984375
0.40038776397705078125
0.4244168102741241455078125
0.59469139575958251953125
0.07230913639068603515625
0.4022844731807708740234375
0.4072583019733428955078125
0.2158670723438262939453125
0.558669149875640869140625
0.031950708478689193725585938
0.556849300861358642578125
0.53737795352935791015625
0.4554592072963714599609375
0.00065152882598340511322021484
0.643045246601104736328125
0.53916490077972412109375
0.28110897541046142578125
0.388267219066619873046875
0.2921571433544158935546875
0.58086240291595458984375
0.466147005558013916015625
0.4531866610050201416015625
0.616006374359130859375
0.41791164875030517578125
0.414594590663909912109375
0.4538265764713287353515625
0.476145565509796142578125
0.39700353145599365234375
0.487079143524169921875
0.50056707859039306640625
0.301165282726287841796875
0.69067490100860595703125
0.24959902465343475341796875
0.52228105068206787109375
-0.14895309507846832275390625
-0.07370507717132568359375
0.06730847060680389404296875
0.42026627063751220703125
0.4152553975582122802734375
0.626096069812774658203125
0.687552869319915771484375
0.6873319149017333984375
0.2628374397754669189453125
0.53080165386199951171875
0.43761122226715087890625
0.5883357524871826171875
0.578804194927215576171875
0.25245773792266845703125
0.444188177585601806640625
0.677028656005859375
0.688886463642120361328125
0.48324286937713623046875
0.168978214263916015625
0.12772805988788604736328125
0.24937413632869720458984375
0.495341777801513671875
0.712563931941986083984375
0.630188047885894775390625
0.0584662854671478271484375
0.2101192772388458251953125
0.63547241687774658203125
0.4274769723415374755859375
0.658257782459259033203125
0.396688759326934814453125
0.0700130760669708251953125
0.554805934429168701171875
0.3784682750701904296875
0.710147678852081298828125
0.3998716771602630615234375
0.465815961360931396484375
0.59676134586334228515625
0.64681255817413330078125
0.3516469299793243408203125
0.2797962129116058349609375
0.697233498096466064453125
0.16670309007167816162109375
0.512255012989044189453125
0.631107628345489501953125
0.3421691954135894775390625
0.489667594432830810546875
0.2335728704929351806640625
0.3966329097747802734375
0.38593327999114990234375
0.506672322750091552734375
0.366433441638946533203125
0.647935926914215087890625
0.717707097530364990234375
0.559316217899322509765625
0.348129451274871826171875
0.202664911746978759765625
0.556659281253814697265625
0.7181656360626220703125
0.4650482237339019775390625
0.575351297855377197265625
0.2258917391300201416015625
0.559911787509918212890625
0.58894455432891845703125
0.58264410495758056640625
0.681644439697265625
0.315072596073150634765625
0.54387843608856201171875
0.23813013732433319091796875
0.4229850471019744873046875
0.095288135111331939697265625
0.29474937915802001953125
0.21665681898593902587890625
0.697364509105682373046875
0.11932770907878875732421875
0.08150799572467803955078125
0.5482537746429443359375
0.564833343029022216796875
0.1221233308315277099609375
0.29102861881256103515625
0.448810279369354248046875
0.533401668071746826171875
0.6379892826080322265625
0.599784195423126220703125
0.5734655857086181640625
0.731585919857025146484375
0.633381664752960205078125
0.4058179557323455810546875
0.04147662222385406494140625
0.673282623291015625
0.2809505760669708251953125
0.6530740261077880859375
0.11234145611524581909179688
0.587242901325225830078125
0.5251858234405517578125
0.709904372692108154296875
0.3108395040035247802734375
0.6357223987579345703125
0.4952929317951202392578125
0.504599988460540771484375
0.18179433047771453857421875
-0.0021756072528660297393798828
-0.13521443307399749755859375
0.38347733020782470703125
0.10300122946500778198242188
0.373992621898651123046875
0.557928025722503662109375
0.451366901397705078125
0.732832431793212890625
0.514671802520751953125
0.78068554401397705078125
0.759330570697784423828125
0.4908545315265655517578125
0.310191452503204345703125
0.6403315067291259765625
0.71466290950775146484375
0.31314563751220703125
0.44735372066497802734375
0.59013617038726806640625
0.2351804077625274658203125
0.0823970139026641845703125
0.2853340804576873779296875
0.674921572208404541015625
0.370585262775421142578125
0.710464954376220703125
0.4441198408603668212890625
0.3220806121826171875
0.2811758518218994140625
0.361004889011383056640625
0.2304762899875640869140625
0.719738662242889404296875
0.559775412082672119140625
0.4862422645092010498046875
0.2912465035915374755859375
0.50882017612457275390625
0.470398366451263427734375
0.321515619754791259765625
0.476354181766510009765625
0.19524930417537689208984375
0.05393145978450775146484375
0.4870132505893707275390625
0.268243134021759033203125
0.3104719221591949462890625
0.61755287647247314453125
0.46805083751678466796875
0.3158594667911529541015625
0.07479907572269439697265625
0.3297864496707916259765625
0.64779698848724365234375
0.24004985392093658447265625
0.080097295343875885009765625
0.47803485393524169921875
0.687078297138214111328125
0.4059066474437713623046875
0.4189853966236114501953125
0.4166481196880340576171875
0.514283001422882080078125
0.7658774852752685546875
0.598865509033203125
0.381731808185577392578125
0.648910045623779296875
0.3778679370880126953125
0.21855957806110382080078125
0.59322774410247802734375
0.3029987812042236328125
0.6768119335174560546875
0.2332447469234466552734375
0.56945073604583740234375
0.40920865535736083984375
0.444975078105926513671875
0.047244910150766372680664062
0.52618658542633056640625
0.4928611218929290771484375
0.3390287458896636962890625
0.2752239406108856201171875
0.5985720157623291015625
0.11124312877655029296875
0.09683497250080108642578125
0.23655782639980316162109375
0.4260320961475372314453125
0.5181789398193359375
0.40351712703704833984375
0.55209505558013916015625
0.3063166439533233642578125
0.53158855438232421875
0.4081295430660247802734375
0.2396332323551177978515625
0.66472923755645751953125
0.58804261684417724609375
0.659293591976165771484375
0.16988538205623626708984375
0.3202728927135467529296875
0.335839807987213134765625
0.52895355224609375
0.680314719676971435546875
0.6075298786163330078125
0.0968692600727081298828125
0.537515819072723388671875
0.3763597309589385986328125
0.4172710478305816650390625
0.2849668562412261962890625
0.4196650981903076171875
0.687172114849090576171875
0.314160764217376708984375
-0.014171537943184375762939453
0.16376622021198272705078125
0.37611663341522216796875
0.636200845241546630859375
0.624317467212677001953125
0.676534712314605712890625
0.530351161956787109375
0.10896395891904830932617188
0.1694515645503997802734375
0.10777921974658966064453125
0.553749561309814453125
0.556438148021697998046875
0.358392238616943359375
0.289569318294525146484375
0.584264576435089111328125
0.742808043956756591796875
0.5004131793975830078125
0.3389420807361602783203125
0.510851800441741943359375
0.355003893375396728515625
-0.022079262882471084594726562
0.4015425145626068115234375
0.675314247608184814453125
0.56933498382568359375
0.4659295380115509033203125
0.643814384937286376953125
0.551313459873199462890625
0.234389722347259521484375
0.723552048206329345703125
0.339464247226715087890625
0.221179425716400146484375
0.5419671535491943359375
0.3950952589511871337890625
0.498305618762969970703125
0.527945935726165771484375
0.706401646137237548828125
0.2919218540191650390625
0.011121480725705623626708984
0.583731949329376220703125
0.352964222431182861328125
0.4744394719600677490234375
-0.072720579802989959716796875
0.1046583652496337890625
0.4710276424884796142578125
0.598475754261016845703125
0.3718371093273162841796875
0.4394538104534149169921875
0.443905353546142578125
0.2428668439388275146484375
0.1615600287914276123046875
0.073310025036334991455078125
0.713893711566925048828125
0.4281323254108428955078125
0.23609362542629241943359375
0.172612249851226806640625
0.571514129638671875
0.3030774295330047607421875
-0.016857931390404701232910156
0.51713597774505615234375
0.4760843217372894287109375
0.3827216625213623046875
0.612411201000213623046875
0.647169172763824462890625
0.24315236508846282958984375
0.27363526821136474609375
0.292793214321136474609375
0.4249577224254608154296875
0.43485355377197265625
0.61577117443084716796875
0.3393404185771942138671875
0.273295223712921142578125
0.50820720195770263671875
0.09508524835109710693359375
0.513089597225189208984375
0.62112295627593994140625
0.10936979949474334716796875
0.62276995182037353515625
0.5404186248779296875
0.508033454418182373046875
0.539072453975677490234375
0.16575230658054351806640625
0.4850939214229583740234375
0.579601347446441650390625
0.600138247013092041015625
0.672899544239044189453125
0.70640170574188232421875
0.23227386176586151123046875
0.42023313045501708984375
0.746628105640411376953125
0.456488668918609619140625
0.70734679698944091796875
0.13936354219913482666015625
0.3800839483737945556640625
0.311227321624755859375
0.699787437915802001953125
0.5004732608795166015625
0.57307898998260498046875
0.693240582942962646484375
0.617086887359619140625
0.475878655910491943359375
0.609291613101959228515625
0.2672615945339202880859375
0.2975526750087738037109375
0.6471691131591796875
0.631408393383026123046875
0.7056324481964111328125
0.47471523284912109375
0.50309216976165771484375
0.466901957988739013671875
0.411829471588134765625
0.4273994266986846923828125
0.4464240968227386474609375
0.391195774078369140625
0.578804194927215576171875
0.62397682666778564453125
0.666425168514251708984375
0.27607715129852294921875
0.612092494964599609375
0.24007701873779296875
0.14988346397876739501953125
0.0778701305389404296875
0.24288864433765411376953125
0.602258145809173583984375
0.3049525320529937744140625
0.61518156528472900390625
0.558650076389312744140625
0.26758301258087158203125
0.640237629413604736328125
0.4430372714996337890625
0.752081811428070068359375
0.517055809497833251953125
0.497514784336090087890625
0.2534698545932769775390625
0.3464817106723785400390625
0.22851572930812835693359375
0.3566932976245880126953125
0.4231241643428802490234375
0.571675837039947509765625
0.277769148349761962890625
0.5557057857513427734375
0.12177611142396926879882812
0.5233485698699951171875
0.2722856998443603515625
0.3559874594211578369140625
0.55700552463531494140625
0.14409859478473663330078125
0.6820857524871826171875
0.63578975200653076171875
0.4008424580097198486328125
0.63064658641815185546875
0.3429310619831085205078125
0.4034464061260223388671875
0.57277047634124755859375
0.3348580300807952880859375
0.4499396383762359619140625
0.407745361328125
0.1111010611057281494140625
0.3008609116077423095703125
0.662922441959381103515625
0.542407333850860595703125
0.21962319314479827880859375
0.4205496311187744140625
0.311308681964874267578125
0.3666374683380126953125
0.2612806856632232666015625
0.54796159267425537109375
0.658257782459259033203125
0.429909169673919677734375
0.541655957698822021484375
0.4612329304218292236328125
0.235910594463348388671875
0.693240582942962646484375
0.703357517719268798828125
0.66956317424774169921875
0.552015364170074462890625
0.737975537776947021484375
0.23969046771526336669921875
0.3945823609828948974609375
0.728310525417327880859375
0.200940072536468505859375
0.429347455501556396484375
0.689494550228118896484375
0.626575887203216552734375
0.544573128223419189453125
0.16236068308353424072265625
0.703310072422027587890625
0.744522392749786376953125
0.6412079334259033203125
0.710342109203338623046875
0.604385077953338623046875
0.4087509810924530029296875
0.3891582489013671875
0.4213354885578155517578125
0.637144625186920166015625
0.7503674030303955078125
0.500054895877838134765625
0.4326089918613433837890625
0.636808931827545166015625
0.38317012786865234375
0.30598366260528564453125
0.528685748577117919921875
0.5231101512908935546875
0.474849164485931396484375
0.705632507801055908203125
0.686693668365478515625
0.3288934528827667236328125
0.29087078571319580078125
0.3107128143310546875
0.63431870937347412109375
0.11178000271320343017578125
0.50033473968505859375
0.4901580512523651123046875
0.703093349933624267578125
0.2611017525196075439453125
0.491285145282745361328125
0.3356963694095611572265625
0.605619609355926513671875
0.642647206783294677734375
0.63832437992095947265625
0.531110107898712158203125
0.4926149547100067138671875
0.5745432376861572265625
0.4630664288997650146484375
0.516436100006103515625
0.22287936508655548095703125
0.2559411227703094482421875
0.631057798862457275390625
0.560715734958648681640625
0.61576449871063232421875
0.594416141510009765625
0.483268678188323974609375
0.649645268917083740234375
0.2045946419239044189453125
0.302280247211456298828125
0.615277945995330810546875
0.2391251623630523681640625
0.63690280914306640625
0.3357026576995849609375
0.54268741607666015625
0.7197387218475341796875
0.619510471820831298828125
0.4135768115520477294921875
0.3327961862087249755859375
0.376121342182159423828125
0.2727447450160980224609375
0.28289127349853515625
0.63260424137115478515625
0.578790128231048583984375
0.552901446819305419921875
-0.091838836669921875
0.5248153209686279296875
-0.028864704072475433349609375
0.530951440334320068359375
0.484373569488525390625
0.538883388042449951171875
0.5164206027984619140625
0.57045733928680419921875
0.585531413555145263671875
0.524330198764801025390625
0.51916563510894775390625
0.26613891124725341796875
0.3467725217342376708984375
0.677413284778594970703125
0.189729034900665283203125
0.35045993328094482421875
0.4549651443958282470703125
0.5064284801483154296875
0.3053378164768218994140625
0.4797000885009765625
0.20377950370311737060546875
0.420787394046783447265625
0.4305741786956787109375
0.534258306026458740234375
0.597452223300933837890625
0.32970607280731201171875
0.513585388660430908203125
0.21193139255046844482421875
0.3073797523975372314453125
0.729714334011077880859375
0.3125116527080535888671875
0.72947108745574951171875
0.4426261484622955322265625
0.6437404155731201171875
0.360437870025634765625
0.647303044795989990234375
0.4093339443206787109375
0.369193017482757568359375
-0.346577823162078857421875
0.617168247699737548828125
0.44598042964935302734375
0.63134849071502685546875
0.4360788166522979736328125
0.429712772369384765625
0.65945160388946533203125
0.090606890618801116943359375
0.7741386890411376953125
0.48106038570404052734375
0.11740005016326904296875
0.149657070636749267578125
0.4107908308506011962890625
0.305163919925689697265625
0.386333644390106201171875
0.433167159557342529296875
0.135131180286407470703125
0.68910992145538330078125
0.584870159626007080078125
0.3258361518383026123046875
0.239063262939453125
0.4758955538272857666015625
0.062083862721920013427734375
0.4625513553619384765625
0.4538415372371673583984375
0.50508224964141845703125
0.678562104701995849609375
0.26505911350250244140625
0.302950441837310791015625
0.1867503225803375244140625
0.58606255054473876953125
0.729788303375244140625
0.620872199535369873046875
0.5804512500762939453125
0.62402570247650146484375
0.048019342124462127685546875
0.583479940891265869140625
0.45787394046783447265625
0.7190368175506591796875
0.4490950405597686767578125
0.16235728561878204345703125
0.76275932788848876953125
0.670466244220733642578125
0.669376909732818603515625
0.3392454087734222412109375
0.53403007984161376953125
0.5399549007415771484375
0.509205520153045654296875
0.3329403698444366455078125
0.547110259532928466796875
0.2807442843914031982421875
0.56586420536041259765625
0.3049847185611724853515625
0.0430624783039093017578125
0.522358417510986328125
0.472540795803070068359375
0.3144246041774749755859375
0.15277741849422454833984375
-0.0051469518803060054779052734
0.508962213993072509765625
0.3444788455963134765625
0.548655331134796142578125
0.690200746059417724609375
0.477940738201141357421875
0.466838657855987548828125
0.27455723285675048828125
0.530240356922149658203125
0.3842527568340301513671875
0.5701863765716552734375
0.4988734424114227294921875
0.764864981174468994140625
0.541973888874053955078125
0.50815260410308837890625
0.260637819766998291015625
0.2860364019870758056640625
0.448786199092864990234375
0.4736036360263824462890625
0.604242384433746337890625
0.039064906537532806396484375
0.43485343456268310546875
0.525207459926605224609375
0.097488515079021453857421875
0.554020464420318603515625
0.55267655849456787109375
0.12675680220127105712890625
0.678910911083221435546875
0.21121244132518768310546875
0.32035911083221435546875
0.770709991455078125
0.60609066486358642578125
0.546869695186614990234375
0.72316741943359375
0.610558986663818359375
0.4946465790271759033203125
0.493929207324981689453125
0.433335006237030029296875
0.6002166271209716796875
0.0893000662326812744140625
0.4288300573825836181640625
-0.14272601902484893798828125
0.6328794956207275390625
0.536154091358184814453125
0.033866517245769500732421875
0.598949849605560302734375
0.523026406764984130859375
0.4094114005565643310546875
0.05960111320018768310546875
0.58267056941986083984375
0.16374869644641876220703125
0.2402563989162445068359375
0.4254318177700042724609375
0.44168865680694580078125
0.4697609245777130126953125
0.4451478421688079833984375
0.38428604602813720703125
0.1825753152370452880859375
0.6668097972869873046875
0.491617858409881591796875
0.4166379868984222412109375
0.4622309207916259765625
0.561807572841644287109375
0.62871551513671875
0.24193130433559417724609375
0.6162245273590087890625
0.500808298587799072265625
0.72095906734466552734375
0.536307036876678466796875
0.736719787120819091796875
0.56387317180633544921875
0.705315172672271728515625
